205 10
0 -0.034072 0.105901 0.034076 0.095174 0.252091 -0.020267 0.595220 -0.607777 0.399413 0.566554 
135 -0.738650 1.188987 0.954100 0.086898 1.396150 0.890979 3.316241 -0.453436 2.928350 3.062695 
158 -1.097449 1.062689 -0.142670 -1.015470 -0.517634 2.512992 1.636982 -1.044334 2.926204 -0.462855 
151 2.477902 0.752418 -1.990895 -2.623942 0.871561 1.908005 -1.065130 0.572016 0.883756 3.225803 
205 3.006830 -1.080251 -2.246216 -0.485579 0.387029 -1.325681 2.338652 -1.625080 -0.598399 2.855827 
1 0.798096 -0.926699 -0.344027 0.084468 0.013130 0.533513 0.540562 0.363012 0.099136 0.456183 
137 0.945297 -1.584848 -3.444003 -0.845601 2.121536 1.950167 1.255881 0.501179 3.381374 1.214221 
2 0.508193 0.354432 -0.114187 0.073257 0.095477 0.993573 1.300004 0.041858 -0.050126 0.330302 
3 0.121543 -0.589398 -0.340913 -1.202546 -0.060678 1.248769 -0.146221 1.029656 0.572635 0.419633 
149 0.821340 -1.160312 1.157653 -3.570278 0.028682 2.723261 -0.648769 -2.003658 0.802751 0.021710 
4 0.531948 0.325950 -1.238194 -0.404115 0.017353 0.756501 1.393881 0.775857 -0.515910 1.081053 
150 0.995356 -2.961015 0.268232 -1.068644 1.138470 1.298447 -0.847844 -1.216696 2.513785 0.670088 
5 1.564956 -0.846257 -0.222450 -0.776028 -0.522377 1.058712 1.111954 -0.270084 -1.050078 0.447769 
6 0.470569 -0.809763 0.074885 -0.274898 1.544239 1.522934 0.532504 -1.036755 2.159779 0.409949 
153 0.270222 -0.633822 -0.400608 -1.187048 1.062113 1.643732 0.464477 0.786989 1.093893 1.730771 
7 1.720192 -1.096829 0.492397 -0.799021 0.107803 1.794591 1.053278 1.035660 -0.358304 1.107381 
8 1.161246 0.444321 -0.952911 -1.986041 -0.746272 0.033842 1.224022 1.709400 -0.447326 0.753793 
130 1.912060 2.232558 -1.164600 -0.131273 -1.084645 0.623124 2.290782 0.902564 -0.103155 1.369980 
10 0.810245 -0.179020 -0.083368 -0.542037 0.908105 1.201114 0.868854 1.357354 0.865928 1.686817 
11 0.182472 -1.200493 -0.687968 -0.343700 0.332606 1.549207 0.346844 -2.163447 0.604459 1.301227 
132 -0.539342 -1.225572 -0.697716 -2.113873 0.767862 1.313270 0.110083 -1.196342 1.389956 1.228765 
12 -0.623311 -1.538123 1.112820 -1.750405 0.014652 0.860189 0.995134 2.113885 -1.103736 3.106276 
13 1.319527 -0.198450 -0.582980 0.137719 0.590905 1.739304 1.965706 0.947195 -0.305462 1.326708 
139 -0.100470 1.805524 0.433031 -3.972786 2.026513 1.648443 1.908811 -2.974003 0.475999 1.001150 
14 1.324344 -1.832855 -2.260432 -1.734228 0.296324 0.205566 0.310332 0.910310 -0.515874 1.775912 
209 -0.012212 -0.004839 0.044528 0.036355 -0.001061 -0.005113 0.039987 -0.009685 -0.017544 0.036413 
136 -1.067625 0.430675 -3.112267 -3.220681 1.930214 0.303127 1.836821 1.094058 0.991827 1.995787 
15 0.092175 -2.050881 -2.380127 -1.262568 1.116938 -0.575318 2.021495 -0.875062 0.012466 1.048758 
206 0.043097 -0.571146 -2.840969 -2.825519 0.806784 -0.410620 3.156482 -0.149550 -0.122127 1.202234 
16 2.417005 -2.926140 -0.812111 0.196804 0.112749 0.701527 1.845888 0.525148 -0.563109 1.554270 
212 0.573834 -1.869533 2.369818 -0.947536 -4.182831 1.077710 0.941671 0.464357 1.659577 1.509216 
17 -1.551770 -1.386487 -0.104342 -0.351389 -0.086660 1.616099 0.679313 0.062705 1.114123 2.450894 
18 0.680155 -0.307742 -0.482806 -0.267411 -0.332707 1.635378 -0.154454 0.080600 0.034750 1.403409 
143 -0.080812 0.916643 -2.229872 -1.940340 -0.401544 2.915653 0.023656 0.322759 3.082412 1.705125 
145 -2.954423 -0.268739 -1.463029 -2.628271 -0.368774 1.680771 1.500566 1.185077 2.017001 1.335533 
134 3.400850 -1.150422 0.586234 -2.564449 -1.639695 2.583946 1.559060 -3.920920 -1.898844 1.855065 
19 -0.824619 -0.567235 -1.857837 -0.015324 0.722961 1.121024 1.493196 0.636009 0.476934 3.594148 
219 2.509259 -1.604165 -2.552911 0.393981 -3.581772 -1.279310 1.103685 -2.542798 2.272110 1.622825 
163 0.800763 1.052400 -0.204905 -0.583719 0.863113 3.337230 0.855990 -2.775513 2.174835 2.813460 
20 2.356386 -1.551185 -0.498892 -1.278716 -0.839588 1.160908 1.726316 -0.266337 -1.926054 1.210266 
220 4.245491 -0.341649 -0.052664 -2.774927 -1.194303 0.524911 1.190726 -1.624457 -2.648067 2.712128 
21 1.826597 -1.586866 -2.028215 -2.870577 0.714176 0.518489 0.665756 2.044593 -0.532992 0.749039 
142 -0.242797 0.514185 -0.239413 -1.661042 0.957977 1.736786 0.890158 -0.371935 1.354050 1.359179 
144 0.552669 1.459539 -1.034500 -3.923051 1.563680 0.652513 -0.221204 0.720936 3.250726 0.263028 
181 2.219903 2.303952 0.859352 -3.399071 0.639788 2.564313 1.392510 -0.408892 0.813277 0.973220 
117 1.230102 -0.239546 4.444345 -0.000747 -1.323299 1.978176 4.174026 -3.568522 0.639947 0.969453 
115 2.675217 -1.581734 0.366858 -2.544219 2.456786 1.834433 3.150905 0.069311 0.583806 -2.342653 
22 -0.363807 0.042030 -0.432366 -2.837149 -0.204032 2.289608 0.230941 1.330292 1.179718 0.235745 
23 3.490127 -2.968044 -0.014424 0.024116 0.460417 0.446079 1.697511 0.326921 -0.389437 1.056960 
24 1.777486 1.190989 -0.192695 -0.953361 -0.081859 0.126866 0.075340 2.431736 1.228941 4.533508 
50 0.937536 -0.196542 3.085975 0.892305 0.455964 1.193742 4.728721 -0.671891 0.961584 1.707652 
25 1.522081 -1.188808 -1.072581 -0.053245 3.019888 -0.846729 0.937381 -0.098236 2.547706 1.891518 
52 2.596668 0.368067 1.742385 -2.209590 -0.168062 0.800570 -0.002552 2.897315 0.081201 3.854176 
66 3.079366 1.613461 -0.284372 -2.497364 -4.265748 -1.729487 0.912274 -3.128958 0.400468 1.973312 
26 0.011150 0.036773 0.014452 -0.023269 0.017852 -0.038021 0.009481 0.049512 -0.028112 0.025658 
27 -0.670439 -1.225826 -0.715893 -0.076076 1.907778 0.439094 2.926856 2.202101 1.165246 2.720248 
159 -0.900252 0.203414 -1.378225 -1.425735 2.967973 0.873360 2.939042 -0.818434 2.424356 1.154153 
28 -1.490519 -1.235312 -1.428215 0.076508 -1.099568 2.469669 0.998346 -1.032684 0.526140 3.968525 
214 1.296370 -1.312256 -1.242597 -0.767094 -1.030517 -0.012700 1.582014 -0.660511 -0.774468 2.888753 
29 -1.173139 0.344383 -0.913176 -0.583981 0.293981 1.883193 1.592239 -1.393364 0.117105 3.330382 
30 -0.627288 0.412669 0.521450 -0.142047 -0.202292 1.545548 2.048421 1.128001 1.328994 2.366145 
31 1.590985 -1.332647 -3.838650 -1.265700 -0.469725 1.703620 0.353768 1.341178 1.170662 2.211412 
32 1.377537 -3.430050 -1.194424 0.257081 -1.576148 0.857534 0.381558 0.654352 0.579212 2.075051 
133 -0.360641 -1.000991 -0.186424 -0.465075 1.536941 3.431541 2.931947 -0.678977 1.202065 1.308541 
33 -0.942498 0.168514 0.147460 -2.914794 -1.010766 3.537391 1.396300 0.571835 0.557764 -0.194578 
156 0.375514 1.394652 0.124825 -2.670543 2.580180 0.226170 0.095283 -0.841335 4.349996 0.749777 
34 -0.415566 -1.966089 0.985528 -2.792217 0.055700 2.888974 0.771456 2.365112 0.258771 1.217457 
35 -1.163739 -2.128245 0.577217 -1.595122 -0.901710 2.162183 -0.519054 1.401980 1.270354 3.196168 
152 0.126676 0.328847 -0.120366 -2.395695 -1.439890 4.598798 -0.273622 -0.269164 1.044412 2.906707 
36 0.261750 -1.261676 -2.036726 0.276292 -0.480650 1.221345 4.245126 2.015227 -0.743549 2.577024 
203 1.378618 -3.588396 -0.748748 1.387573 1.205819 1.478119 4.432454 -1.176327 1.450916 1.620053 
37 0.228811 -0.628963 -2.675914 -0.903182 0.572614 2.082110 1.865435 1.240896 -0.524458 1.973276 
38 1.658770 -0.271089 1.816662 -0.488702 -0.308532 1.576874 2.517975 0.276099 0.035032 0.813642 
39 2.789402 -1.479520 1.967829 0.313962 1.586723 1.156980 2.476810 1.110488 0.813641 2.315961 
147 2.590732 2.213604 1.678056 -0.442530 1.285997 0.861367 2.103463 -0.437616 2.263040 3.211040 
211 -0.005656 -0.967880 -1.901787 -0.194557 -2.234058 -0.659938 1.391852 -1.519665 0.433994 2.930243 
218 3.282354 1.197811 -1.569438 -1.267523 -0.290806 -2.486421 2.000483 -1.256533 1.789191 1.297410 
40 0.967090 -3.858670 -0.247536 -0.270006 0.654929 0.812108 0.978159 0.077293 0.193144 2.536265 
41 -0.643341 0.401555 0.581761 -0.155893 -0.209818 1.582647 2.120878 1.169417 1.406361 2.420212 
42 3.160880 -3.344306 0.769711 -0.669511 -3.379277 -1.083390 -1.379397 0.064086 0.709286 2.620612 
138 1.055072 -0.224424 1.018532 -1.891371 0.522520 2.559237 -0.642149 1.224343 2.306524 1.984481 
221 -0.002829 -0.092622 -3.392451 -2.939263 -1.639994 -1.592577 1.203764 -1.091761 2.410718 -0.165362 
43 -1.006663 0.550147 -1.661099 -0.940709 -1.194546 1.665008 1.327098 1.438455 0.211715 4.329684 
44 2.453991 -0.361582 -2.084088 -2.390486 -1.352728 -2.234723 -0.111941 1.010223 0.161748 3.029951 
208 0.022946 -0.941919 -1.926599 -0.247658 -2.258610 -0.680435 1.369884 -1.547454 0.426202 2.900157 
146 -1.642952 1.342899 -0.890271 -1.958024 0.721553 0.553048 0.354042 -1.317097 2.403164 3.420975 
45 0.319931 -1.677049 0.038382 -1.304516 -0.692217 -0.041288 -1.516109 1.407046 2.595127 4.166761 
215 -0.597788 -0.627750 -1.932805 -0.577455 -2.615298 -0.919518 1.188367 -2.067115 1.458372 2.343679 
46 -0.211432 -3.104076 -2.110426 -1.806258 -0.776796 0.515627 2.106978 -0.600686 -1.526289 1.748501 
217 -0.472184 -2.628038 -2.184962 -1.589062 -1.808332 0.218492 2.039781 1.004886 -0.656569 2.514954 
48 1.723575 -1.165194 2.670989 -1.252517 1.578383 2.379566 1.367226 1.326176 1.171122 1.581439 
49 -2.165561 -1.794118 0.939552 -0.414811 -0.034653 1.979218 0.822486 -0.571430 1.765115 3.319277 
51 2.327266 0.633022 0.258734 0.072236 1.984309 -0.002486 2.014283 1.890409 2.066426 3.323149 
141 1.064485 0.519513 0.135485 -3.608233 2.798628 0.756416 0.279951 0.682325 2.567398 0.564120 
140 -1.351304 -0.752262 -2.848019 -2.071165 0.753687 2.672940 3.160409 -2.860971 0.191052 1.313029 
53 0.516875 -1.556962 1.068892 -0.531498 3.067282 1.812921 0.924233 -1.199603 4.992708 1.000691 
54 1.841123 0.253055 0.877888 -0.672157 0.769614 1.427041 0.330380 2.140948 3.345538 2.300618 
154 -0.106049 0.248781 2.651351 -2.133889 2.091377 1.716475 0.445371 -2.067616 2.799603 1.991470 
55 -0.041766 -1.679837 -0.680602 -3.066219 -0.354103 2.394554 -0.317046 2.178561 1.252729 0.742807 
56 0.565383 -0.586287 -1.801470 -3.068611 0.633128 3.308701 1.984396 1.705598 -0.332016 0.127973 
116 2.929532 -2.631208 1.353247 -1.310406 2.331529 0.317694 1.965542 -3.124861 0.353318 1.704093 
57 0.255467 -2.016278 0.318295 0.086097 -0.049674 1.049094 1.311189 1.758385 1.509722 2.426330 
58 1.735953 -1.205128 2.703725 -1.289259 1.630489 2.377348 1.378890 1.346500 1.191294 1.627190 
59 1.823164 -1.292274 -1.604065 -1.216582 -1.223650 -0.278880 2.296361 0.706760 0.609595 -0.829051 
60 2.298227 -0.871444 2.402034 -2.241553 -0.037738 4.090768 0.107972 1.750648 0.960568 2.737527 
157 -0.103058 0.477128 -3.035520 -2.920106 1.941676 0.043010 0.772388 -3.818023 1.589217 2.228320 
61 1.267084 -3.423660 -2.898129 -2.432225 1.079239 -1.048269 -0.322849 0.798809 1.019069 2.482614 
224 -0.042962 0.016280 0.013634 -0.026748 -0.030438 -0.002345 -0.047858 -0.041827 -0.031429 0.026180 
62 3.689981 -3.299264 -1.445840 -2.390513 0.164678 1.410115 1.993695 1.995878 -1.072570 0.731724 
77 0.662695 -0.096901 -1.580484 -0.918472 -0.112495 -0.433826 -0.319367 -0.230155 1.442950 1.580433 
128 -0.699784 0.308615 2.104308 -2.209099 -1.447539 2.456868 2.420552 -1.540307 -0.157208 1.275597 
75 -2.810267 -4.893508 -0.064809 -0.800197 -0.504913 1.313564 2.818884 -0.666524 2.571172 0.936802 
80 0.741998 1.249400 -1.223420 -1.033476 -4.976185 1.204582 -0.177606 -0.230178 5.279007 1.824883 
94 -1.229729 -3.338578 -2.049399 -2.242552 -2.352989 0.561551 2.541488 -1.111875 -0.370325 0.088321 
101 -0.244181 -6.273590 0.597133 -1.928003 -0.842145 0.532944 1.659468 -1.700659 0.166342 0.939873 
96 0.881290 -2.620347 0.378023 -3.633925 -2.313386 1.689614 -1.399600 -1.804660 -0.428470 3.269558 
68 1.258071 -0.994222 -3.131912 -6.176936 -0.849246 2.046537 1.507601 -0.866007 -1.212961 -1.025448 
113 1.584564 -1.036362 0.607192 -4.294491 -1.848869 0.482698 -1.134611 2.119035 3.571712 -1.116120 
120 3.326491 -0.720414 -1.075566 -1.498424 -4.477820 -2.870936 3.310302 -0.895700 3.074792 -3.304095 
118 -0.202173 -3.546992 -0.518338 -3.386125 -2.328333 1.953506 1.622670 0.864932 0.843202 -2.378476 
119 2.446715 -3.507786 1.516513 -3.843026 -2.128487 1.303054 0.396752 1.953624 0.740067 -1.229782 
129 -0.009441 -0.039938 -0.011058 -0.008544 0.030154 0.036520 -0.016253 -0.015847 0.042383 -0.023028 
131 0.183882 -1.440382 -0.267607 0.599981 -1.705541 1.344211 2.519151 -3.811643 0.924670 1.600546 
81 1.220553 -1.564934 0.560684 0.803695 0.005856 3.537291 3.249706 -1.351998 -0.403580 4.672746 
82 0.782920 -2.781981 -0.369713 -1.284284 -0.999773 -0.673648 -0.398878 -3.333329 0.952690 1.729382 
84 1.187905 -1.587705 -1.450652 -0.833631 -1.036398 -0.670980 5.868820 -1.884602 -1.995328 0.653666 
102 3.092993 -1.039198 2.117167 -0.583447 -2.746123 0.793772 -0.858519 -2.881055 2.332021 2.486952 
87 -0.447502 1.175413 0.730552 -2.769052 -0.744819 1.091449 1.211244 -3.986426 -0.050452 3.204866 
89 2.710499 -0.288937 0.258301 -3.625371 1.662843 -0.061226 2.564844 3.341629 1.371528 0.162845 
86 3.037555 -0.138410 -3.160471 -1.252484 -4.627857 -2.463879 2.064473 1.800873 2.448914 -0.009977 
92 -2.281290 -2.141686 -0.067150 -1.627902 0.003231 1.207779 2.888022 0.662331 1.713646 0.130905 
95 3.187150 -1.253950 1.342731 1.507157 -1.005648 -1.208593 2.258385 -0.888518 1.896954 3.202450 
148 -1.266405 -1.546453 -1.935949 -2.492488 0.741288 1.872219 2.179533 2.755055 -0.575511 2.661987 
100 1.838830 -2.288850 2.537569 -3.120325 -2.138340 1.689730 1.164194 1.995975 1.204713 -1.041366 
99 2.319125 -0.752557 1.509710 -3.503668 -0.667392 2.585040 0.259236 -0.991104 -1.895626 4.216642 
91 -0.106782 0.495464 -2.372598 -2.095573 -1.758437 0.949232 -0.247934 -0.543050 1.322533 2.643750 
104 1.123422 -0.853075 2.496122 -0.604298 -0.110468 0.041980 0.647975 1.505631 5.018547 1.731847 
105 1.146437 0.198225 2.586796 -1.976320 -0.026375 0.981952 0.042511 -1.556830 1.325907 4.069096 
106 -0.241453 -1.808823 -1.732956 -1.421773 -1.044887 -1.194143 2.449291 -3.959834 0.279809 0.558217 
108 -1.683118 -1.603379 2.825846 0.105808 -1.321586 1.710871 1.353448 -1.520321 1.874751 4.260701 
173 -1.046526 -0.606709 -2.365074 -0.108571 -0.392189 -1.098317 1.077053 -0.314041 4.348698 0.848131 
177 0.510963 -4.801643 2.298129 -0.271735 -3.234978 0.860180 3.661176 -0.161284 -0.509708 2.160541 
194 3.400119 1.292294 1.386760 -3.326342 3.200965 1.089069 1.951965 -0.870864 -0.404174 2.371229 
182 -0.018313 -0.036837 -0.005794 -0.020699 0.029037 0.028152 -0.044259 0.012990 0.000612 0.006795 
183 -0.647524 0.959655 1.422994 -1.557768 0.849955 -0.409409 1.741705 0.886419 0.916843 1.346875 
78 1.294548 2.620353 0.256196 -6.230725 -2.992577 1.142757 0.917990 -1.920108 -0.533072 0.086328 
185 0.048297 0.009688 -0.045038 0.024685 0.023174 -0.028378 0.037326 -0.023904 0.012542 -0.004155 
186 -0.662449 0.992161 1.388692 -1.573901 0.842156 -0.425930 1.770885 0.898977 0.900134 1.365350 
188 0.023919 0.035397 -0.023980 0.026562 0.041421 0.006072 0.036850 0.045297 -0.021004 0.038965 
190 -0.653826 0.977727 1.429784 -1.548313 0.848553 -0.416110 1.785776 0.901436 0.915648 1.363446 
192 -0.030401 -0.037353 0.039532 0.040832 0.029693 -0.024993 0.029540 0.001744 0.039868 -0.025417 
197 0.426916 1.435884 0.198746 -1.246420 0.621808 1.280385 2.185721 0.612255 1.342210 1.932418 
64 1.593516 -4.073933 0.268151 0.497089 -3.121927 5.141379 0.660249 -2.095685 0.779978 3.442784 
85 -1.324978 -2.257639 -1.155527 -2.953926 -5.428403 0.764403 1.255358 -3.130642 -0.411191 0.830863 
83 -0.537058 -0.252255 1.328040 0.039301 -0.527996 0.190732 1.837974 -3.228564 0.929595 4.611816 
67 1.976325 -1.056379 -0.176243 -1.902037 -4.879663 0.593172 3.557735 -3.274024 -1.112466 -1.069613 
69 3.005854 -2.235083 -0.486357 -2.397788 -1.505356 -1.005068 -0.670631 -2.148351 -0.329099 1.257203 
88 -0.521557 0.088340 -2.362557 -0.515176 -0.169672 1.468901 2.992391 -1.333231 -0.016061 2.209409 
70 5.664768 -2.351359 -1.832088 -1.956022 -2.841928 -1.284376 -1.465648 -0.209311 0.441577 2.029550 
90 1.600422 0.457093 1.078618 -2.789683 -3.129829 0.056260 -0.482808 -0.775832 0.120398 3.506671 
79 0.718687 0.511393 -4.941907 -4.247998 -2.171982 1.642831 0.258025 -0.891372 2.381560 -0.133544 
93 -0.418700 0.382793 0.331573 -2.146630 -1.559399 0.108653 -0.716567 -2.394098 1.973550 3.932183 
110 0.818473 1.441154 -1.574900 -3.503585 -1.478934 1.458842 3.562493 -1.629602 -2.609560 1.386605 
111 -1.512572 -1.968104 0.732254 -2.375242 -2.739936 3.699650 2.951532 -0.408790 -1.456133 2.050005 
97 1.391385 -0.473892 -1.195289 -2.615428 -1.098433 -1.143252 -0.103062 -4.019490 0.719240 1.225961 
114 0.074200 -1.809155 -1.375250 -4.543696 -3.316135 -0.907022 -0.822367 -0.709159 2.454091 -0.492653 
98 2.365572 -1.760167 1.027871 -1.255939 1.403754 0.252365 0.435772 -1.327780 0.679892 2.146765 
103 -1.343791 -0.087535 0.849802 -2.283342 -2.551225 1.704005 0.294564 0.125297 1.394599 2.248684 
121 -1.512371 2.439894 1.887022 -2.932273 -5.253379 0.926164 1.909927 -1.201359 2.272832 1.508718 
123 4.130727 1.900935 0.383348 -0.822751 -0.547734 0.774438 -0.232067 0.436836 4.972426 2.856301 
125 1.505757 0.480564 1.877252 0.498113 -3.965203 -2.438021 1.669009 -3.247330 4.866967 1.850578 
107 0.912946 -1.190103 -2.540477 -2.939160 0.362880 -1.066911 0.016688 -1.839165 0.545642 1.583027 
127 -1.523908 -1.767400 -1.001317 1.317682 -1.318857 -0.458371 4.715429 0.270858 1.932626 2.712102 
109 -2.548155 -0.413210 -1.018958 -1.590559 1.394562 0.269080 4.324582 -1.651832 0.979090 2.364621 
74 -2.921122 -2.350149 -3.406810 -0.244890 -2.102486 -0.519374 5.078156 0.394764 2.216829 1.023191 
9 1.496243 -0.100798 -0.450867 -0.671148 -0.043622 1.317293 -0.273141 -0.248020 1.033404 -0.206098 
171 1.568489 -0.332097 -0.235847 0.612504 -1.846791 1.546957 1.176231 0.888855 1.255108 -0.032134 
174 2.453981 -0.205911 -1.542155 -0.210480 0.171754 0.623627 1.339522 -1.878410 1.158600 -0.738324 
189 -0.046793 -0.403831 0.579177 -1.021472 -0.248012 -0.901319 0.900747 -0.103670 0.275921 0.597905 
193 -1.398080 -1.011695 0.440836 -3.176823 0.969481 -0.229048 0.003730 -0.601442 0.594708 1.457971 
196 -0.527300 -1.328719 -0.723722 -2.277803 0.811253 1.317277 0.060916 -1.187944 1.483989 1.266767 
201 -0.543942 -0.610633 -1.922568 -0.550981 -2.599732 -0.890026 1.143072 -1.970124 1.423950 2.258744 
207 -1.357714 -4.608749 -3.085590 -0.668165 1.129049 -1.459371 2.032652 -1.635025 2.046957 3.134833 
204 -0.550120 -0.654725 -1.897860 -0.604540 -2.592898 -0.865467 1.194746 -2.039838 1.427582 2.280718 
210 1.838171 -1.316165 -1.063985 -0.636428 0.475498 -0.118122 -0.373722 -3.216266 1.435183 4.065300 
213 -0.187687 0.476766 -2.852867 -2.571633 -2.147060 1.163966 -0.206196 -0.695439 1.597324 3.209114 
222 -0.563474 -0.658466 -1.965163 -0.607675 -2.654137 -0.921011 1.236889 -2.045419 1.479523 2.310056 
175 -1.092710 -0.998142 -0.899932 -5.774462 -1.677933 0.117226 -0.409098 -3.622093 -0.107305 2.444800 
47 -0.462234 -1.031417 -0.631921 -1.792008 0.691935 1.216755 0.083394 -1.033402 1.224197 1.056866 
155 0.280537 -1.965557 -0.694771 -4.984981 2.957811 0.767967 0.432072 0.758911 1.167459 1.057196 
195 -0.112852 -0.557422 0.694738 -0.900673 -0.178715 -1.055703 0.897675 0.012692 0.608727 0.743400 
202 1.301480 -1.332295 -1.247750 -0.729455 -0.891417 0.006142 1.543465 -0.671303 -0.763205 2.880228 
216 0.025222 0.036358 0.019402 0.028216 0.034478 0.021877 -0.049423 -0.020562 -0.037576 0.024691 
223 1.655448 -3.475627 -0.327247 -0.551870 -0.036461 -0.041828 1.702581 -1.570969 -1.024493 3.529124 
73 0.555104 -1.762996 2.252977 -0.907925 -4.012455 1.143621 1.002344 0.428334 1.576725 1.354291 
72 1.249574 -0.867780 -2.008446 -0.893060 -0.870770 1.258282 -0.034202 -0.544517 3.409509 0.760576 
71 3.883718 1.631827 1.612432 -3.001091 0.472386 0.429847 2.439178 1.545603 3.063289 -1.679169 
112 3.134945 -3.616311 -1.288190 1.741462 -0.509607 -3.456383 2.259192 -0.029274 3.220742 2.038773 
126 -1.060302 1.204712 -0.876228 -0.274041 -3.026554 -0.023638 5.076646 -3.962337 0.806225 1.149991 
184 1.647258 0.801818 0.367334 -3.150014 -3.217686 -0.304850 -0.253513 0.383659 0.219133 3.317137 
187 2.537374 -2.026434 1.168096 -1.459877 1.571033 0.303680 0.570563 -1.475481 0.818257 2.487885 
191 0.389012 1.364322 0.236881 -1.208329 0.591608 1.318516 2.106185 0.559096 1.338407 1.921263 
65 -0.287679 -0.987863 1.110073 -2.493907 -0.227458 0.058046 0.350005 -4.834028 3.235250 0.388175 
124 0.003258 0.039154 0.003096 0.027551 0.041168 -0.028722 -0.019512 0.039276 0.017025 0.036618 
122 1.365599 0.473836 2.989624 -0.633744 1.897760 0.895671 3.839243 -1.089318 4.488781 -0.702306 
