0 -1
0 135
0 158
0 150
0 151
0 205
1 151
1 137
1 158
1 -1
2 151
2 137
2 158
2 -1
3 130
3 149
3 158
4 158
4 150
4 137
4 -1
5 151
5 137
5 158
5 -1
6 222
6 153
6 158
6 137
6 -1
6 -1
7 151
7 137
7 158
7 -1
8 149
8 -1
9 130
9 -1
10 130
10 -1
11 132
12 137
12 -1
12 181
12 158
13 158
13 150
13 137
13 -1
14 139
14 158
14 209
14 -1
15 -1
15 136
15 158
15 206
16 158
16 142
16 137
16 -1
16 212
17 153
17 158
17 137
17 -1
18 210
18 151
18 143
18 149
18 145
18 158
18 139
18 134
18 150
18 148
18 -1
18 -1
18 -1
19 158
19 219
19 150
19 -1
19 163
20 -1
20 151
20 158
20 137
20 220
21 130
21 150
21 134
21 141
21 142
21 149
21 158
21 144
21 -1
21 181
21 151
21 117
21 115
21 163
22 149
23 150
23 158
23 137
23 -1
24 158
24 150
24 134
24 149
24 115
24 163
24 -1
25 50
25 15
25 52
25 -1
25 66
26 130
27 -1
27 -1
27 -1
27 -1
27 158
27 159
27 150
27 -1
28 158
28 145
28 149
28 -1
28 214
29 158
29 145
29 -1
29 214
29 130
30 -1
30 137
30 -1
30 158
31 158
31 151
31 143
31 -1
32 -1
32 163
32 150
32 133
32 158
32 39
33 149
33 150
33 151
33 156
33 158
33 145
33 -1
33 -1
34 -1
34 149
34 158
34 150
34 -1
35 -1
35 158
35 152
36 -1
36 163
36 150
36 151
36 133
36 158
36 -1
36 203
37 -1
37 137
37 150
37 130
38 150
38 151
39 -1
39 163
39 150
39 151
39 147
39 158
39 211
39 218
40 137
40 -1
41 158
41 156
41 -1
42 -1
42 158
42 138
42 221
43 -1
43 143
43 158
44 -1
44 144
44 158
44 208
45 -1
45 146
45 158
45 215
46 -1
46 158
46 148
46 217
47 133
48 150
48 151
48 158
48 163
48 -1
49 158
49 -1
50 -1
50 135
50 150
50 151
51 -1
51 150
51 151
51 147
52 150
52 151
52 134
52 141
52 142
52 149
52 156
52 145
52 140
52 144
52 154
52 -1
53 153
53 158
53 137
53 -1
54 -1
54 154
54 151
54 158
55 149
55 151
55 150
56 -1
56 150
56 158
56 151
56 149
56 -1
56 116
57 151
57 158
57 140
57 -1
58 150
58 151
58 158
58 163
58 -1
59 150
59 158
59 -1
60 150
60 151
61 157
61 158
61 224
61 -1
62 -1
62 151
62 149
62 150
62 -1
62 77
62 13
62 -1
62 117
64 -1
64 -1
64 -1
64 -1
64 -1
64 -1
64 -1
64 -1
65 -1
65 -1
65 -1
65 -1
66 -1
66 -1
66 -1
66 -1
66 -1
67 -1
67 -1
68 -1
68 -1
68 -1
68 -1
68 -1
69 -1
69 -1
69 -1
70 -1
70 -1
70 -1
70 -1
70 -1
70 -1
71 -1
71 -1
71 -1
71 -1
72 -1
72 -1
72 -1
72 -1
72 -1
72 -1
72 -1
72 -1
72 -1
72 -1
72 -1
72 -1
72 -1
72 -1
72 -1
72 -1
72 -1
72 -1
72 -1
72 -1
72 -1
73 -1
73 -1
73 -1
73 -1
73 -1
73 -1
73 -1
73 -1
74 -1
74 -1
74 -1
74 -1
74 -1
74 -1
74 128
75 -1
75 -1
75 -1
75 -1
75 111
75 -1
75 80
75 -1
75 -1
75 -1
76 -1
76 -1
76 -1
76 -1
77 -1
77 -1
77 -1
77 -1
77 -1
77 -1
78 -1
78 -1
78 -1
78 -1
78 -1
78 -1
78 -1
78 -1
78 -1
78 -1
78 -1
79 -1
79 -1
80 -1
80 -1
80 -1
80 -1
80 -1
80 -1
80 -1
80 -1
80 -1
80 -1
80 -1
80 -1
80 -1
80 -1
86 -1
89 -1
100 94
101 100
101 96
102 -1
110 -1
110 -1
110 -1
110 -1
110 -1
110 -1
110 -1
111 -1
111 -1
112 -1
112 -1
112 -1
112 -1
112 -1
112 -1
112 -1
112 -1
113 -1
113 -1
113 -1
113 -1
113 -1
113 -1
113 -1
113 68
113 -1
113 118
113 -1
113 120
114 -1
114 -1
114 -1
114 -1
114 -1
114 -1
114 -1
114 -1
114 -1
115 -1
115 -1
115 -1
115 -1
115 -1
115 -1
115 -1
115 -1
115 -1
115 -1
115 -1
115 -1
115 -1
115 -1
115 -1
115 -1
115 -1
115 -1
115 -1
115 -1
115 -1
115 -1
115 -1
115 -1
115 -1
115 -1
115 -1
115 -1
115 -1
115 -1
115 -1
115 -1
115 -1
115 -1
115 -1
115 -1
115 -1
115 -1
115 -1
115 -1
115 -1
115 -1
115 -1
115 -1
115 -1
116 115
116 -1
116 -1
116 -1
116 -1
116 -1
116 -1
116 -1
117 -1
117 -1
117 -1
117 -1
117 -1
117 -1
117 -1
117 -1
117 -1
117 -1
117 -1
117 -1
117 -1
117 -1
117 -1
117 -1
117 -1
117 -1
117 -1
117 -1
117 -1
117 -1
118 -1
118 111
118 -1
118 -1
118 -1
118 -1
118 -1
119 118
119 113
120 -1
120 -1
120 -1
120 -1
120 -1
120 -1
121 -1
121 -1
121 -1
121 -1
121 -1
121 -1
121 -1
121 -1
122 -1
122 -1
122 -1
122 -1
122 -1
122 -1
122 -1
123 -1
123 -1
123 -1
123 -1
123 -1
123 -1
123 -1
123 -1
123 -1
124 -1
124 -1
124 -1
125 -1
125 -1
125 -1
125 -1
125 -1
125 -1
125 -1
126 -1
126 -1
126 -1
126 -1
126 -1
126 -1
126 -1
126 -1
126 -1
126 -1
126 -1
126 -1
126 -1
126 -1
126 -1
126 -1
126 -1
126 -1
126 -1
126 -1
126 -1
127 -1
127 -1
127 -1
127 -1
127 -1
127 -1
127 -1
128 -1
128 -1
128 -1
128 -1
128 -1
128 -1
128 -1
129 -1
129 -1
129 -1
129 -1
129 64
129 -1
129 -1
130 130
130 131
132 130
133 130
133 81
134 130
134 82
135 130
135 83
136 130
136 84
137 -1
137 130
138 130
138 102
139 130
139 87
140 130
140 88
141 130
141 89
142 90
142 130
143 130
143 91
144 130
144 86
145 130
145 92
146 130
146 93
147 130
147 95
148 130
148 94
149 130
149 96
149 86
149 100
149 101
149 102
150 130
150 98
150 99
150 86
150 100
150 102
151 130
151 99
151 91
152 130
152 103
153 130
153 104
154 130
154 105
155 130
156 130
156 106
157 130
157 107
158 130
158 108
158 97
159 130
161 -1
163 130
171 -1
171 -1
172 -1
172 -1
173 -1
173 172
174 -1
174 -1
175 -1
175 -1
177 -1
177 177
178 -1
178 -1
180 -1
181 -1
181 194
182 115
182 -1
183 -1
183 -1
183 130
184 -1
184 -1
184 -1
184 78
185 -1
185 115
186 -1
186 130
186 -1
186 -1
187 115
187 -1
188 -1
188 -1
188 78
189 -1
190 -1
190 130
190 -1
190 -1
191 -1
191 130
192 78
192 -1
194 -1
194 115
194 78
194 130
197 130
198 -1
198 -1
198 -1
199 -1
199 -1
199 -1
199 -1
199 -1
200 -1
200 -1
200 -1
200 -1
210 -1
