0 130
0 66
1 130
1 117
2 130
2 117
3 130
4 130
4 115
5 130
5 117
6 130
7 130
7 117
8 130
9 130
10 130
11 130
12 130
13 130
14 130
15 130
15 67
15 67
16 130
16 73
16 73
17 130
18 130
18 72
18 72
18 72
19 130
19 115
20 130
20 117
21 130
21 71
21 71
21 71
21 71
21 71
21 71
21 71
22 130
22 118
23 130
24 130
25 130
26 130
27 130
28 130
29 130
29 80
29 80
30 130
31 130
32 130
33 130
33 75
33 75
34 130
35 130
35 121
35 121
36 130
36 130
36 64
36 64
37 130
38 130
39 130
39 112
40 130
40 124
41 130
41 125
42 130
42 120
42 120
42 120
43 130
43 79
43 79
43 79
44 130
44 68
44 68
45 130
45 110
45 110
46 130
46 111
46 111
46 111
47 130
48 130
48 118
49 130
50 130
51 130
51 112
52 130
52 71
52 71
52 71
52 71
52 71
52 71
52 71
53 130
54 130
55 130
55 130
56 130
56 115
57 130
58 130
58 118
59 130
60 130
61 130
61 126
61 126
62 130
70 70
74 128
79 79
81 64
82 65
83 66
84 67
86 68
87 69
88 70
89 71
90 78
91 79
92 80
93 110
94 111
95 112
96 113
97 114
98 115
99 117
100 118
101 119
102 120
103 121
104 122
105 123
106 125
107 126
108 127
109 74
111 111
116 115
118 118
118 111
119 118
119 113
121 121
132 130
133 130
133 64
134 130
135 130
135 66
136 130
136 67
136 67
137 130
138 130
138 120
138 120
139 130
140 130
140 70
141 130
142 130
142 78
143 130
143 79
143 79
144 130
144 68
144 68
145 130
145 80
145 80
145 80
146 130
146 110
146 110
147 130
147 112
147 112
148 130
148 111
148 111
149 130
149 113
149 113
149 113
149 118
149 118
150 130
150 115
151 130
151 117
151 118
152 130
152 121
152 121
153 130
154 130
155 130
156 130
156 125
157 130
158 130
159 130
163 130
163 70
173 172
181 130
182 115
183 130
184 78
185 115
186 130
187 115
188 78
190 130
191 130
192 78
193 130
194 130
195 130
196 130
197 130
201 115
202 117
203 64
204 65
205 66
206 67
208 68
209 69
210 72
211 112
212 73
213 79
214 80
215 110
217 111
218 112
219 115
220 117
221 120
222 122
223 124
224 126
