0 130
0 -1
0 66
0 -1
1 130
1 -1
1 117
2 130
2 -1
2 117
3 130
3 -1
3 -1
4 130
4 -1
4 115
5 130
5 -1
5 117
6 130
6 -1
6 -1
6 -1
6 -1
6 -1
6 -1
6 -1
6 -1
6 -1
7 130
7 -1
7 117
8 130
8 -1
8 -1
8 -1
8 -1
9 130
9 -1
9 -1
10 130
10 -1
10 -1
11 130
11 -1
12 130
12 -1
12 -1
13 130
13 -1
13 -1
13 -1
14 130
14 -1
14 -1
14 -1
14 -1
14 -1
14 -1
14 -1
15 130
15 -1
15 67
15 67
15 -1
16 130
16 -1
16 -1
16 -1
16 73
16 -1
16 73
16 -1
17 130
17 -1
17 -1
17 -1
17 -1
17 -1
18 130
18 -1
18 -1
18 -1
18 -1
18 -1
18 -1
18 -1
18 -1
18 72
18 -1
18 -1
18 -1
18 -1
18 -1
18 -1
18 -1
18 -1
18 -1
18 72
18 -1
18 72
18 -1
18 -1
18 -1
18 -1
18 -1
18 -1
18 -1
18 -1
18 -1
18 -1
18 -1
19 130
19 -1
19 -1
19 115
19 -1
20 130
20 -1
20 -1
20 117
20 -1
21 130
21 -1
21 -1
21 -1
21 -1
21 -1
21 71
21 71
21 71
21 71
21 71
21 71
21 71
22 130
22 118
23 130
23 -1
23 -1
23 -1
23 -1
23 -1
24 130
24 -1
24 -1
25 130
25 -1
25 -1
25 -1
25 -1
25 -1
25 -1
25 -1
26 130
26 -1
27 -1
27 -1
27 130
27 -1
27 -1
27 -1
27 -1
27 -1
27 -1
27 -1
27 -1
27 -1
27 -1
27 -1
27 -1
27 -1
27 -1
27 -1
27 -1
27 -1
27 -1
27 -1
27 -1
27 -1
27 -1
27 -1
27 -1
27 -1
27 -1
27 -1
27 -1
27 -1
27 -1
27 -1
27 -1
27 -1
27 -1
27 -1
27 -1
27 -1
28 130
28 -1
28 -1
28 -1
28 -1
29 130
29 -1
29 80
29 80
29 -1
30 130
30 -1
31 130
31 -1
31 -1
31 -1
31 -1
31 -1
31 -1
31 -1
31 -1
31 -1
32 130
32 -1
32 -1
32 -1
32 -1
32 -1
32 -1
32 -1
32 -1
33 130
33 -1
33 -1
33 -1
33 -1
33 75
33 75
34 130
34 -1
34 -1
34 -1
34 -1
34 -1
34 -1
34 -1
34 -1
34 -1
34 -1
35 130
35 -1
35 121
35 121
36 -1
36 130
36 -1
36 130
36 -1
36 -1
36 64
36 64
37 130
37 -1
37 -1
37 -1
37 -1
37 -1
37 -1
37 -1
37 -1
37 -1
37 -1
37 -1
37 -1
37 -1
37 -1
37 -1
37 -1
38 130
38 -1
38 -1
38 -1
38 -1
38 -1
39 130
39 -1
39 112
39 -1
39 -1
39 -1
40 130
40 -1
40 124
40 -1
41 130
41 -1
41 125
41 -1
42 130
42 -1
42 120
42 120
42 120
43 130
43 -1
43 79
43 79
43 79
44 130
44 -1
44 68
44 68
45 130
45 -1
45 110
45 110
46 130
46 -1
46 111
46 111
46 111
47 130
47 -1
47 -1
47 -1
48 130
48 -1
48 -1
48 118
48 -1
49 130
49 -1
49 -1
49 -1
49 -1
49 -1
49 -1
50 130
50 -1
50 -1
51 130
51 -1
51 -1
51 -1
51 -1
51 -1
51 -1
51 112
52 130
52 -1
52 -1
52 -1
52 -1
52 -1
52 -1
52 -1
52 71
52 71
52 71
52 71
52 71
52 71
52 71
53 130
53 -1
53 -1
53 -1
53 -1
53 -1
54 130
54 -1
54 -1
54 -1
54 -1
54 -1
55 130
55 -1
55 -1
55 130
55 -1
55 -1
55 -1
55 -1
55 -1
55 -1
56 130
56 -1
56 115
56 -1
57 130
57 -1
57 -1
58 130
58 -1
58 -1
58 118
58 -1
59 130
59 -1
60 130
60 -1
60 -1
60 -1
60 -1
60 -1
60 -1
61 130
61 -1
61 126
61 126
62 130
62 -1
62 -1
62 -1
62 -1
62 -1
62 -1
62 -1
63 -1
63 -1
63 -1
64 -1
64 -1
64 -1
64 -1
64 -1
64 -1
64 -1
64 -1
65 -1
65 -1
65 -1
65 -1
66 -1
66 -1
66 -1
66 -1
66 -1
67 -1
67 -1
67 -1
67 -1
68 -1
68 -1
68 -1
68 -1
68 -1
68 -1
68 -1
69 -1
69 -1
69 -1
70 -1
70 -1
70 -1
70 -1
70 -1
70 -1
70 70
70 -1
70 -1
71 -1
71 -1
71 -1
71 -1
72 -1
72 -1
72 -1
72 -1
72 -1
72 -1
72 -1
72 -1
72 -1
72 -1
72 -1
72 -1
72 -1
72 -1
72 -1
72 -1
72 -1
72 -1
72 -1
72 -1
72 -1
73 -1
73 -1
73 -1
73 -1
73 -1
73 -1
73 -1
73 -1
74 -1
74 -1
74 -1
74 -1
74 -1
74 -1
74 -1
74 -1
74 -1
74 -1
74 -1
74 -1
74 -1
74 -1
74 -1
74 128
75 -1
75 -1
75 -1
75 -1
75 -1
75 -1
76 -1
76 -1
76 -1
76 -1
77 -1
77 -1
77 -1
77 -1
77 -1
77 -1
78 -1
78 -1
78 -1
78 -1
78 -1
78 -1
78 -1
78 -1
78 -1
78 -1
78 -1
78 -1
78 -1
79 -1
79 -1
79 -1
79 -1
79 -1
79 -1
79 79
80 -1
80 -1
80 -1
80 -1
80 -1
80 -1
80 -1
80 -1
80 -1
81 -1
81 -1
81 -1
81 64
82 -1
82 -1
82 -1
82 65
83 -1
83 -1
83 66
83 -1
84 -1
84 -1
84 67
84 -1
85 -1
85 -1
85 -1
85 -1
86 -1
86 -1
86 -1
86 -1
86 68
87 -1
87 -1
87 -1
87 69
88 -1
88 -1
88 70
88 -1
89 -1
89 -1
89 -1
89 71
89 -1
90 -1
90 -1
90 78
90 -1
91 -1
91 -1
91 -1
91 79
92 -1
92 -1
92 -1
92 80
93 -1
93 -1
93 -1
93 110
94 -1
94 -1
94 -1
94 111
95 -1
95 -1
95 112
95 -1
96 -1
96 -1
96 -1
96 113
97 -1
97 -1
97 114
97 -1
98 -1
98 -1
98 -1
98 115
99 -1
99 -1
99 -1
99 117
100 -1
100 -1
100 -1
100 118
101 -1
101 -1
101 -1
101 119
102 -1
102 -1
102 -1
102 -1
102 120
103 -1
103 -1
103 -1
103 121
104 -1
104 -1
104 122
104 -1
105 -1
105 -1
105 -1
105 123
106 -1
106 -1
106 125
106 -1
107 -1
107 -1
107 126
107 -1
108 -1
108 -1
108 127
108 -1
109 -1
109 -1
109 -1
109 74
110 -1
110 -1
110 -1
110 -1
110 -1
110 -1
110 -1
111 -1
111 -1
111 -1
111 -1
111 -1
111 -1
111 111
112 -1
112 -1
112 -1
112 -1
112 -1
112 -1
112 -1
112 -1
113 -1
113 -1
113 -1
113 -1
113 -1
113 -1
113 -1
113 -1
113 -1
114 -1
114 -1
114 -1
114 -1
114 -1
114 -1
115 -1
115 -1
115 -1
115 -1
115 -1
115 -1
115 -1
115 -1
115 -1
115 -1
115 -1
115 -1
115 -1
115 -1
115 -1
115 -1
115 -1
115 -1
115 -1
115 -1
115 -1
115 -1
115 -1
115 -1
115 -1
115 -1
115 -1
115 -1
115 -1
115 -1
115 -1
115 -1
115 -1
115 -1
115 -1
115 -1
115 -1
115 -1
115 -1
115 -1
115 -1
115 -1
115 -1
115 -1
115 -1
115 -1
115 -1
116 -1
116 -1
116 -1
116 -1
116 -1
116 -1
116 -1
116 115
117 -1
117 -1
117 -1
117 -1
117 -1
117 -1
117 -1
117 -1
117 -1
117 -1
117 -1
117 -1
117 -1
117 -1
117 -1
117 -1
117 -1
117 -1
117 -1
117 -1
117 -1
117 -1
118 -1
118 118
118 -1
118 -1
118 -1
118 111
118 -1
118 -1
118 -1
119 118
119 113
120 -1
120 -1
120 -1
120 -1
120 -1
120 -1
120 -1
120 -1
120 -1
120 -1
120 -1
120 -1
120 -1
120 -1
120 -1
120 -1
121 -1
121 121
121 -1
121 -1
121 -1
121 -1
121 -1
121 -1
121 -1
122 -1
122 -1
122 -1
122 -1
122 -1
122 -1
122 -1
122 -1
123 -1
123 -1
123 -1
123 -1
123 -1
123 -1
123 -1
123 -1
124 -1
124 -1
124 -1
125 -1
125 -1
125 -1
125 -1
125 -1
125 -1
125 -1
126 -1
126 -1
126 -1
126 -1
126 -1
126 -1
126 -1
126 -1
126 -1
126 -1
126 -1
126 -1
126 -1
126 -1
126 -1
127 -1
127 -1
127 -1
127 -1
127 -1
127 -1
127 -1
128 -1
128 -1
128 -1
128 -1
128 -1
129 -1
129 -1
129 -1
129 -1
129 -1
129 -1
129 -1
129 -1
129 -1
129 -1
129 -1
132 130
132 -1
132 -1
132 -1
133 130
133 -1
133 64
133 -1
133 -1
133 -1
133 -1
133 -1
133 -1
133 -1
133 -1
133 -1
133 -1
134 130
134 -1
134 -1
134 -1
135 130
135 -1
135 66
136 130
136 67
136 67
137 130
137 -1
137 -1
137 -1
137 -1
137 -1
137 -1
137 -1
137 -1
137 -1
137 -1
137 -1
137 -1
137 -1
137 -1
137 -1
137 -1
137 -1
137 -1
137 -1
137 -1
137 -1
137 -1
137 -1
137 -1
137 -1
137 -1
137 -1
137 -1
138 130
138 -1
138 120
138 120
139 130
139 -1
139 -1
139 -1
139 -1
139 -1
139 -1
140 130
140 -1
140 70
140 -1
141 130
141 -1
141 -1
141 -1
141 -1
141 -1
141 -1
141 -1
142 130
142 -1
142 78
143 130
143 -1
143 79
143 79
143 -1
143 -1
143 -1
143 -1
143 -1
144 130
144 -1
144 68
144 68
145 130
145 -1
145 -1
145 -1
145 -1
145 -1
145 -1
145 -1
145 -1
145 80
145 80
145 -1
145 80
146 130
146 110
146 -1
146 110
147 130
147 -1
147 -1
147 -1
147 -1
147 -1
147 -1
147 -1
147 -1
147 112
147 112
148 130
148 -1
148 111
148 111
149 130
149 113
149 -1
149 113
149 113
149 -1
149 -1
149 -1
149 -1
149 -1
149 -1
149 -1
149 -1
149 -1
149 -1
149 118
149 118
149 -1
149 -1
149 -1
149 -1
149 -1
149 -1
149 -1
149 -1
149 -1
149 -1
149 -1
149 -1
149 -1
149 -1
149 -1
149 -1
149 -1
149 -1
149 -1
149 -1
149 -1
149 -1
149 -1
150 130
150 -1
150 -1
150 -1
150 -1
150 115
150 -1
150 -1
150 -1
150 -1
150 -1
150 -1
150 -1
150 -1
150 -1
150 -1
150 -1
150 -1
150 -1
150 -1
150 -1
150 -1
150 -1
150 -1
150 -1
150 -1
150 -1
150 -1
150 -1
150 -1
150 -1
151 130
151 -1
151 -1
151 -1
151 117
151 -1
151 -1
151 -1
151 118
151 -1
151 -1
152 130
152 -1
152 -1
152 121
152 121
153 130
153 -1
153 -1
153 -1
153 -1
153 -1
153 -1
153 -1
153 -1
153 -1
153 -1
153 -1
153 -1
153 -1
153 -1
153 -1
153 -1
153 -1
153 -1
153 -1
153 -1
153 -1
153 -1
153 -1
153 -1
153 -1
153 -1
154 130
154 -1
154 -1
154 -1
154 -1
154 -1
154 -1
154 -1
154 -1
155 130
155 -1
155 -1
155 -1
155 -1
155 -1
155 -1
155 -1
155 -1
155 -1
155 -1
155 -1
155 -1
155 -1
155 -1
156 130
156 125
156 -1
156 -1
156 -1
157 130
157 -1
157 -1
157 -1
157 -1
158 130
158 -1
158 -1
158 -1
158 -1
158 -1
158 -1
158 -1
158 -1
158 -1
158 -1
158 -1
158 -1
158 -1
158 -1
158 -1
158 -1
158 -1
158 -1
158 -1
158 -1
159 130
159 -1
159 -1
159 -1
161 -1
161 -1
161 -1
161 -1
161 -1
161 -1
161 -1
161 -1
161 -1
161 -1
161 -1
161 -1
161 -1
161 -1
161 -1
161 -1
162 -1
162 -1
162 -1
163 130
163 70
171 -1
172 -1
173 -1
173 172
173 -1
174 -1
176 -1
176 -1
178 -1
179 -1
181 130
181 -1
182 115
182 -1
183 130
183 -1
183 -1
184 78
185 115
185 -1
186 130
186 -1
186 -1
186 -1
187 115
187 -1
188 78
190 130
190 -1
190 -1
190 -1
191 130
191 -1
192 78
192 -1
193 130
193 -1
194 130
194 -1
195 130
195 -1
196 130
196 -1
197 130
197 -1
197 -1
198 -1
198 -1
198 -1
198 -1
199 -1
199 -1
199 -1
200 -1
200 -1
200 -1
200 -1
201 115
202 117
203 64
204 65
205 66
206 67
207 -1
207 -1
207 -1
207 -1
207 -1
207 -1
207 -1
207 -1
207 -1
207 -1
207 -1
207 -1
207 -1
207 -1
207 -1
207 -1
207 -1
207 -1
207 -1
207 -1
207 -1
207 -1
207 -1
207 -1
207 -1
207 -1
207 -1
207 -1
208 68
209 69
210 -1
210 72
211 112
212 73
213 79
214 80
214 -1
214 -1
214 -1
214 -1
215 110
216 -1
217 111
218 112
219 115
220 117
221 120
222 122
223 124
224 126
