0 66 1
0 130 1
0 135 1
0 150 1
0 151 1
0 158 1
0 173 1
0 174 1
0 205 1
1 117 1
1 130 1
1 137 1
1 151 1
1 158 1
1 173 1
1 174 1
2 117 1
2 130 1
2 137 1
2 151 1
2 158 1
2 173 1
2 174 1
3 9 1
3 113 1
3 130 2
3 149 1
3 158 1
3 171 2
3 174 3
4 115 1
4 130 1
4 137 1
4 150 1
4 158 1
4 171 1
4 173 1
5 117 1
5 130 1
5 137 1
5 151 1
5 158 1
5 173 1
5 174 1
6 130 1
6 137 1
6 153 1
6 158 1
6 171 4
6 173 3
6 174 4
6 222 1
7 117 1
7 130 1
7 137 1
7 151 1
7 158 1
7 173 1
7 174 1
8 9 1
8 130 1
8 149 1
8 174 2
9 130 2
9 174 2
10 130 2
10 174 2
11 130 1
11 132 1
11 171 2
11 173 1
12 9 1
12 130 1
12 137 1
12 158 1
12 171 3
12 174 3
12 175 1
12 181 1
12 194 1
13 117 1
13 130 1
13 137 1
13 150 1
13 158 1
13 174 3
14 69 1
14 130 1
14 139 1
14 158 1
14 173 2
14 174 3
14 209 1
15 67 3
15 130 1
15 136 1
15 158 1
15 173 2
15 206 1
16 9 1
16 73 2
16 78 2
16 130 1
16 137 1
16 142 1
16 158 1
16 171 1
16 173 2
16 174 4
16 212 1
17 130 1
17 137 1
17 153 1
17 158 1
17 171 4
17 174 1
18 8 1
18 70 1
18 72 3
18 79 4
18 80 1
18 113 1
18 130 1
18 134 1
18 139 1
18 143 1
18 145 1
18 148 1
18 149 1
18 150 1
18 151 1
18 158 1
18 171 7
18 173 3
18 174 8
18 210 1
19 9 1
19 70 1
19 115 2
19 130 1
19 150 1
19 158 1
19 163 1
19 171 2
19 173 2
19 174 3
19 219 1
20 10 1
20 117 1
20 130 1
20 137 1
20 151 1
20 158 1
20 173 2
20 174 3
20 220 1
21 9 1
21 65 1
21 70 1
21 71 8
21 78 1
21 113 2
21 115 2
21 117 1
21 130 2
21 134 1
21 141 1
21 142 1
21 144 1
21 149 1
21 150 1
21 151 1
21 158 1
21 163 1
21 171 3
21 174 16
21 175 1
21 181 1
21 194 1
22 118 1
22 130 1
22 149 1
22 171 1
22 174 1
23 9 1
23 115 1
23 130 1
23 137 1
23 150 1
23 158 1
23 174 4
24 9 1
24 65 1
24 68 1
24 70 1
24 115 1
24 118 1
24 120 1
24 130 1
24 134 1
24 149 1
24 150 1
24 158 1
24 163 1
24 171 1
24 174 5
25 15 1
25 50 1
25 52 1
25 66 2
25 130 1
25 174 2
26 130 2
26 174 1
27 74 4
27 130 1
27 150 1
27 158 1
27 159 1
27 173 1
27 174 4
28 29 1
28 80 2
28 130 1
28 145 1
28 149 1
28 158 1
28 171 4
28 173 2
28 214 1
29 70 1
29 80 3
29 130 2
29 145 1
29 158 1
29 171 3
29 173 1
29 214 1
30 130 1
30 137 1
30 158 1
31 79 2
31 130 1
31 143 1
31 151 1
31 158 1
31 174 6
32 39 1
32 64 1
32 130 1
32 133 1
32 150 1
32 158 1
32 163 1
32 171 2
32 173 2
32 174 2
33 68 1
33 75 4
33 118 1
33 130 1
33 145 1
33 149 1
33 150 1
33 151 1
33 156 1
33 158 1
33 171 3
33 174 1
34 9 1
34 113 4
34 115 1
34 119 1
34 130 1
34 149 1
34 150 1
34 158 1
34 171 5
34 173 1
34 174 2
34 175 1
35 121 4
35 130 1
35 152 1
35 158 1
35 171 4
35 174 1
36 64 3
36 70 2
36 130 2
36 133 1
36 150 1
36 151 1
36 158 1
36 163 1
36 171 3
36 173 3
36 174 3
36 203 1
37 70 1
37 130 2
37 137 1
37 150 1
37 171 3
37 173 2
37 174 3
38 115 1
38 117 1
38 130 1
38 150 1
38 151 1
39 112 1
39 115 1
39 117 2
39 130 1
39 147 1
39 150 1
39 151 1
39 158 1
39 163 1
39 173 1
39 174 6
39 211 1
39 218 1
40 124 2
40 130 1
40 137 1
40 174 3
41 125 1
41 130 1
41 156 1
41 158 1
41 171 1
42 120 3
42 130 1
42 138 1
42 158 1
42 171 1
42 173 2
42 221 1
43 79 3
43 130 1
43 143 1
43 158 1
43 171 1
43 173 2
44 68 2
44 130 1
44 144 1
44 158 1
44 173 2
44 208 1
45 110 2
45 130 1
45 146 1
45 158 1
45 173 2
45 174 1
45 215 1
46 111 3
46 130 1
46 148 1
46 158 1
46 171 1
46 173 2
46 217 1
47 64 2
47 130 1
47 133 1
47 171 3
48 115 2
48 117 1
48 118 2
48 130 1
48 150 1
48 151 1
48 158 1
48 163 1
48 174 4
49 127 3
49 130 1
49 158 1
49 171 1
49 173 1
50 66 2
50 130 1
50 135 1
50 150 1
50 151 1
50 174 1
51 112 11
51 130 1
51 147 1
51 150 1
51 151 1
51 174 3
52 65 1
52 70 1
52 71 9
52 78 2
52 80 1
52 113 2
52 115 4
52 117 1
52 123 1
52 130 1
52 134 1
52 140 1
52 141 1
52 142 1
52 144 1
52 145 1
52 149 1
52 150 1
52 151 1
52 154 1
52 156 1
52 174 24
53 122 3
53 130 1
53 137 1
53 153 1
53 158 1
53 171 4
53 173 1
53 174 1
54 123 2
54 130 1
54 151 1
54 154 1
54 158 1
54 174 5
55 8 1
55 113 1
55 118 1
55 130 2
55 149 1
55 150 1
55 151 1
55 171 1
55 174 5
56 115 1
56 116 2
56 117 1
56 130 1
56 149 1
56 150 1
56 151 1
56 158 1
56 171 1
56 174 2
57 70 1
57 117 1
57 130 1
57 140 1
57 151 1
57 158 1
57 174 2
58 115 2
58 117 1
58 118 2
58 130 1
58 150 1
58 151 1
58 158 1
58 163 1
58 174 4
59 115 1
59 130 1
59 150 1
59 158 1
60 68 1
60 117 2
60 118 1
60 120 1
60 130 1
60 150 1
60 151 1
60 174 5
61 126 4
61 130 1
61 157 1
61 158 1
61 173 2
61 174 2
61 224 1
62 13 1
62 77 2
62 117 2
62 130 1
62 149 1
62 150 1
62 151 1
62 174 3
70 70 1
74 128 2
75 80 3
75 111 3
79 79 1
81 64 4
81 85 1
82 65 4
82 85 1
83 66 4
83 85 1
84 67 4
84 85 1
86 68 4
86 85 1
87 69 4
87 85 1
88 70 4
88 85 1
89 71 4
89 85 1
90 78 4
90 85 1
91 79 4
91 85 1
92 80 4
92 85 1
93 85 1
93 110 4
94 85 1
94 111 4
95 85 1
95 112 4
96 85 1
96 113 4
97 85 1
97 114 4
98 85 1
98 115 4
99 85 1
99 117 4
100 85 1
100 94 1
100 118 4
101 85 1
101 96 1
101 100 1
101 119 4
102 85 1
102 120 4
103 85 1
103 121 4
104 85 1
104 122 4
105 85 1
105 123 4
106 85 1
106 125 4
107 85 1
107 126 4
108 85 1
108 127 4
109 74 4
109 85 1
111 111 1
113 68 3
113 118 3
113 120 3
116 115 3
117 117 1
118 111 3
118 118 1
119 113 3
119 118 3
121 121 1
129 64 2
130 130 2
130 131 1
130 132 1
130 133 1
130 134 1
130 135 1
130 136 1
130 137 1
130 138 1
130 139 1
130 140 1
130 141 1
130 142 1
130 143 1
130 144 1
130 145 1
130 146 1
130 147 1
130 148 1
130 149 1
130 150 1
130 151 1
130 152 1
130 153 1
130 154 1
130 155 1
130 156 1
130 157 1
130 158 1
130 159 1
132 130 2
132 171 2
133 64 6
133 81 1
133 130 2
133 171 9
134 65 1
134 82 1
134 130 2
134 171 2
135 66 3
135 83 1
135 130 2
136 67 3
136 84 1
136 130 2
136 171 1
137 130 2
137 171 15
137 174 4
138 102 1
138 120 5
138 130 2
138 171 5
138 174 1
139 69 1
139 87 1
139 130 2
139 171 3
139 174 1
140 70 4
140 88 1
140 130 2
140 171 4
141 71 4
141 89 1
141 130 2
141 171 4
142 78 2
142 90 1
142 130 2
142 171 2
143 79 4
143 91 1
143 130 2
143 171 7
143 174 2
144 68 4
144 86 1
144 130 2
144 171 4
144 174 1
145 80 12
145 92 1
145 130 2
145 171 12
146 93 1
146 110 4
146 130 2
146 171 4
146 174 1
147 95 1
147 112 10
147 130 2
147 171 1
148 94 1
148 111 4
148 130 2
148 171 4
148 174 1
149 68 1
149 86 1
149 96 1
149 100 1
149 101 1
149 102 1
149 113 10
149 118 3
149 119 2
149 120 1
149 130 2
149 171 24
150 68 1
150 86 1
150 98 1
150 99 1
150 100 1
150 102 1
150 115 7
150 117 1
150 118 3
150 120 2
150 130 2
150 171 24
150 174 4
151 79 1
151 91 1
151 99 1
151 117 6
151 118 1
151 130 2
151 171 10
151 174 2
152 103 1
152 121 4
152 130 2
152 171 4
153 104 1
153 122 2
153 130 2
153 171 8
153 174 4
154 105 1
154 123 3
154 130 2
154 171 5
155 71 1
155 130 2
155 171 5
156 106 1
156 125 2
156 130 2
156 171 3
157 107 1
157 126 2
157 130 2
157 171 2
158 97 1
158 108 1
158 114 1
158 127 6
158 130 2
158 171 8
159 74 3
159 130 2
159 171 3
160 131 1
163 70 1
163 130 2
163 171 1
171 174 1
173 172 2
175 174 1
177 177 2
181 130 1
181 171 1
181 175 1
181 194 2
182 115 2
182 189 1
183 130 2
183 189 1
184 78 2
184 189 1
185 115 2
185 189 1
186 130 2
186 189 1
187 115 2
187 189 1
188 78 2
188 189 1
190 130 2
190 189 1
191 130 2
191 189 1
192 78 2
192 189 1
193 130 1
193 171 1
193 175 1
193 189 1
193 194 1
194 78 1
194 115 1
194 130 2
194 171 1
194 175 1
194 189 2
195 130 1
195 171 1
195 175 1
195 189 1
195 194 1
196 130 1
196 171 1
196 175 1
196 189 1
196 194 1
197 130 2
201 115 1
201 173 1
201 207 1
202 117 1
202 173 1
202 207 1
203 64 1
203 173 1
203 207 1
204 65 1
204 173 1
204 207 1
205 66 1
205 173 1
205 207 1
206 67 1
206 173 1
206 207 1
207 173 1
208 68 1
208 173 1
208 207 1
209 69 1
209 173 1
209 207 1
210 72 1
210 173 1
210 207 1
211 112 1
211 173 1
211 207 1
212 73 1
212 173 1
212 207 1
213 79 1
213 173 1
213 207 1
214 80 1
214 173 1
215 110 1
215 173 1
215 207 1
216 173 1
217 111 1
217 173 1
217 207 1
218 112 1
218 173 1
218 207 1
219 115 1
219 173 1
219 207 1
220 117 1
220 173 1
220 207 1
221 120 1
221 173 1
221 207 1
222 122 1
222 173 1
222 207 1
223 124 1
223 173 1
223 207 1
224 126 1
224 173 1
224 207 1
