0 135
0 158
0 150
0 151
0 205
1 151
1 137
1 158
2 151
2 137
2 158
3 130
3 149
3 158
4 158
4 150
4 137
5 151
5 137
5 158
6 222
6 153
6 158
6 137
7 151
7 137
7 158
8 149
9 130
10 130
11 132
12 137
12 181
12 158
13 158
13 150
13 137
14 139
14 158
14 209
15 136
15 158
15 206
16 158
16 142
16 137
16 212
17 153
17 158
17 137
18 210
18 151
18 143
18 149
18 145
18 158
18 139
18 134
18 150
18 148
19 158
19 219
19 150
19 163
20 151
20 158
20 137
20 220
21 130
21 150
21 134
21 141
21 142
21 149
21 158
21 144
21 181
21 151
21 117
21 115
21 163
22 149
23 150
23 158
23 137
24 158
24 150
24 134
24 149
24 115
24 163
25 50
25 15
25 52
25 66
26 130
27 158
27 159
27 150
28 158
28 145
28 149
28 214
29 158
29 145
29 214
29 130
30 137
30 158
31 158
31 151
31 143
32 163
32 150
32 133
32 158
32 39
33 149
33 150
33 151
33 156
33 158
33 145
34 149
34 158
34 150
35 158
35 152
36 163
36 150
36 151
36 133
36 158
36 203
37 137
37 150
37 130
38 150
38 151
39 163
39 150
39 151
39 147
39 158
39 211
39 218
40 137
41 158
41 156
42 158
42 138
42 221
43 143
43 158
44 144
44 158
44 208
45 146
45 158
45 215
46 158
46 148
46 217
47 133
48 150
48 151
48 158
48 163
49 158
50 135
50 150
50 151
51 150
51 151
51 147
52 150
52 151
52 134
52 141
52 142
52 149
52 156
52 145
52 140
52 144
52 154
53 153
53 158
53 137
54 154
54 151
54 158
55 149
55 151
55 150
56 150
56 158
56 151
56 149
56 116
57 151
57 158
57 140
58 150
58 151
58 158
58 163
59 150
59 158
60 150
60 151
61 157
61 158
61 224
62 151
62 149
62 150
62 77
62 13
62 117
74 128
75 111
75 80
100 94
101 100
101 96
113 68
113 118
113 120
116 115
118 111
119 118
119 113
129 64
130 130
130 131
132 130
133 130
133 81
134 130
134 82
135 130
135 83
136 130
136 84
137 130
138 130
138 102
139 130
139 87
140 130
140 88
141 130
141 89
142 90
142 130
143 130
143 91
144 130
144 86
145 130
145 92
146 130
146 93
147 130
147 95
148 130
148 94
149 130
149 96
149 86
149 100
149 101
149 102
150 130
150 98
150 99
150 86
150 100
150 102
151 130
151 99
151 91
152 130
152 103
153 130
153 104
154 130
154 105
155 130
156 130
156 106
157 130
157 107
158 130
158 108
158 97
159 130
163 130
173 172
177 177
181 194
182 115
183 130
184 78
185 115
186 130
187 115
188 78
190 130
191 130
192 78
194 115
194 78
194 130
197 130
33 75
81 85
81 64
82 85
82 65
83 85
83 66
84 85
84 67
86 85
86 68
87 85
87 69
88 85
88 70
89 85
89 71
90 85
90 78
91 85
91 79
92 85
92 80
93 85
93 110
94 85
94 111
95 85
95 112
96 85
96 113
97 85
97 114
98 85
98 115
99 85
99 117
100 85
100 118
101 85
101 119
102 85
102 120
103 85
103 121
104 85
104 122
105 85
105 123
106 85
106 125
107 85
107 126
108 85
108 127
109 85
109 74
160 131
3 9
8 9
12 9
16 9
18 8
19 9
20 10
21 9
23 9
24 9
28 29
34 9
55 8
171 174
175 174
182 189
183 189
184 189
185 189
186 189
187 189
188 189
190 189
191 189
192 189
193 194
195 194
196 194
201 207
202 207
203 207
204 207
205 207
206 207
208 207
209 207
210 207
211 207
212 207
213 207
215 207
217 207
218 207
219 207
220 207
221 207
222 207
223 207
224 207
