1 2
1 2
1 2
1 2
1 45
2 2
1 2
1 2
1 2
1 2
21 52
21 52
22 52
22 52
23 52
24 52
25 52
26 52
27 52
27 52
29 6
33 52
41 16
45 1
46 52
46 52
47 52
48 21
48 52
48 52
51 59
58 72
58 52
58 71
58 76
58 77
61 52
61 91
61 52
63 52
64 52
64 52
64 52
64 52
64 52
64 52
65 52
65 52
66 52
66 52
66 52
73 52
73 52
73 52
73 52
74 111
74 111
74 52
74 52
75 52
76 52
76 52
79 52
86 52
86 52
86 111
87 52
87 52
87 52
87 52
87 103
87 52
87 103
87 103
87 52
87 52
87 52
87 52
87 52
88 52
92 52
93 2
93 2
93 2
93 2
93 45
91 52
98 2
98 2
98 2
98 2
98 2
98 59
100 52
100 52
101 2
101 2
101 2
101 2
101 2
101 2
101 2
101 2
101 2
101 59
103 64
103 111
103 16
103 103
106 2
106 2
106 2
106 2
106 2
106 2
106 52
106 52
106 6
106 52
106 2
106 2
106 2
106 2
106 2
106 2
106 2
106 52
106 108
108 2
108 2
108 108
108 52
111 2
111 2
111 2
111 2
111 2
111 59
1 2
1 2
1 2
1 2
1 45
47 52
28 63
29 64
31 65
32 66
33 67
34 68
35 69
36 70
37 71
38 72
39 73
41 74
42 75
43 76
44 77
57 86
58 87
60 88
111 1
1 15
1 3
6 99
6 99
15 99
15 99
1 6
1 6
22 6
22 6
22 6
23 17
23 13
23 14
23 6
23 15
23 11
23 5
23 9
23 16
23 7
23 8
23 12
23 18
23 19
24 5
24 9
25 18
25 52
25 18
28 5
28 5
29 6
29 6
29 16
29 99
29 16
29 99
29 16
29 99
29 16
29 99
31 7
31 7
32 8
32 8
33 9
33 9
34 10
35 11
35 11
36 12
36 12
37 13
38 14
38 14
39 15
39 15
39 16
39 99
39 16
39 99
39 16
39 99
39 16
39 99
41 16
41 16
42 17
42 17
43 18
43 18
44 19
44 19
45 1
45 1
45 1
45 1
47 18
47 19
48 21
50 9
50 9
52 6
52 6
57 16
57 16
57 16
58 14
58 13
58 14
58 17
58 14
58 17
58 18
58 19
58 18
58 19
59 17
63 5
63 5
64 6
64 6
64 16
64 16
64 16
64 99
64 16
64 99
65 7
65 7
66 8
66 8
67 9
67 9
68 10
69 11
69 11
70 12
70 12
71 13
72 14
72 14
73 15
73 15
73 16
73 16
73 99
73 16
73 16
73 99
74 16
74 16
75 17
75 17
76 18
76 18
77 19
77 19
79 9
79 9
86 16
86 16
87 17
87 14
87 14
87 13
87 18
87 19
99 99
106 6
106 15
108 17
1 17
1 17
47 17
47 17
1 2
1 2
1 2
1 2
1 2
6 99
15 99
1 2
1 2
1 2
1 2
1 2
1 2
28 5
29 6
29 6
31 7
32 8
34 10
35 11
37 13
37 13
37 13
38 14
39 52
39 52
39 15
39 15
41 16
42 17
42 17
42 17
42 17
43 18
44 19
48 46
57 16
58 13
58 14
58 14
59 17
60 17
63 5
64 6
64 6
65 7
65 7
66 8
68 10
69 11
71 13
71 13
71 13
72 14
73 15
73 15
74 16
75 17
75 17
75 17
75 17
76 18
77 19
86 16
87 14
87 14
87 13
88 17
93 2
93 2
93 2
93 2
93 2
93 2
99 99
101 2
101 2
101 2
101 2
101 2
101 2
101 2
103 16
106 2
106 2
106 2
106 2
106 2
106 2
106 2
106 2
108 2
108 2
108 2
111 2
111 2
111 2
111 2
111 2
1 2
1 2
1 52
1 52
1 2
1 2
1 2
1 2
