1 2 29
1 3 1
1 6 2
1 15 1
1 17 2
1 45 2
1 52 2
2 2 1
6 99 3
15 99 3
21 52 2
22 6 3
22 52 2
23 5 1
23 6 1
23 7 1
23 8 1
23 9 1
23 11 1
23 12 1
23 13 1
23 14 1
23 15 1
23 16 1
23 17 1
23 18 1
23 19 1
23 52 1
24 5 1
24 9 1
24 52 1
25 18 2
25 52 2
26 52 1
27 52 2
28 5 3
28 63 1
29 6 5
29 16 4
29 64 1
29 99 4
31 7 3
31 65 1
32 8 3
32 66 1
33 9 2
33 52 1
33 67 1
34 10 2
34 68 1
35 11 3
35 69 1
36 12 2
36 70 1
37 13 4
37 71 1
38 14 3
38 72 1
39 15 4
39 16 4
39 52 2
39 73 1
39 99 4
41 16 4
41 74 1
42 17 6
42 75 1
43 18 3
43 76 1
44 19 3
44 77 1
45 1 5
46 52 2
47 17 2
47 18 1
47 19 1
47 52 2
48 21 2
48 46 1
48 52 2
50 9 2
51 59 1
52 6 2
57 16 4
57 86 1
58 13 2
58 14 5
58 17 2
58 18 2
58 19 2
58 52 1
58 71 1
58 72 1
58 76 1
58 77 1
58 87 1
59 17 2
60 17 1
60 88 1
61 52 2
61 91 1
63 5 3
63 52 1
64 6 4
64 16 4
64 52 6
64 99 2
65 7 4
65 52 2
66 8 3
66 52 3
67 9 2
68 10 2
69 11 3
70 12 2
71 13 4
72 14 3
73 15 4
73 16 4
73 52 4
73 99 2
74 16 3
74 52 2
74 111 2
75 17 6
75 52 1
76 18 3
76 52 2
77 19 3
79 9 2
79 52 1
86 16 3
86 52 2
86 111 1
87 13 2
87 14 4
87 17 1
87 18 1
87 19 1
87 52 10
87 103 3
88 17 1
88 52 1
91 52 1
92 52 1
93 2 10
93 45 1
98 2 5
98 59 1
99 99 2
100 52 2
101 2 16
101 59 1
103 16 2
103 64 1
103 103 1
103 111 1
106 2 21
106 6 2
106 15 1
106 52 4
106 108 1
108 2 5
108 17 1
108 52 1
108 108 1
111 1 1
111 2 10
111 59 1
