1 15
1 3
1 6
23 17
23 13
23 14
23 6
23 15
23 11
23 5
23 9
23 16
23 7
23 8
23 12
23 18
23 19
24 5
24 9
25 18
25 18
28 5
28 5
29 6
29 6
29 16
29 16
29 16
29 16
31 7
31 7
32 8
32 8
33 9
33 9
34 10
35 11
35 11
36 12
37 13
38 14
38 14
39 15
39 15
39 16
41 16
41 16
42 17
42 17
43 18
43 18
44 19
44 19
45 1
45 1
45 1
45 1
47 18
47 19
57 16
57 16
57 16
58 14
58 13
58 14
58 17
58 14
58 17
58 18
58 19
58 18
58 19
59 17
63 5
63 5
64 6
64 6
64 16
64 16
64 16
64 16
65 7
65 7
66 8
66 8
67 9
67 9
68 10
69 11
69 11
70 12
70 12
71 13
72 14
72 14
73 15
73 15
73 16
73 16
73 16
73 16
74 16
74 16
75 17
75 17
76 18
76 18
77 19
77 19
79 9
79 9
86 16
86 16
87 17
87 14
87 14
87 13
87 18
87 19
106 6
106 15
108 17
47 17
47 17
