0 173
0 174
1 173
1 174
2 173
2 174
3 174
3 171
3 174
3 171
3 174
4 171
4 173
5 173
5 174
6 171
6 173
6 174
6 171
6 173
6 174
6 171
6 173
6 174
6 171
6 174
7 173
7 174
8 174
8 174
9 174
9 174
10 174
10 174
11 173
11 171
11 171
12 174
12 171
12 175
12 171
12 174
12 174
12 171
13 174
13 174
13 174
14 174
14 173
14 174
14 173
14 174
15 173
15 173
16 174
16 171
16 174
16 173
16 174
16 173
16 174
17 171
17 171
17 171
17 171
17 174
18 174
18 174
18 171
18 174
18 173
18 174
18 174
18 171
18 174
18 171
18 173
18 171
18 173
18 171
18 174
18 171
18 174
18 171
19 174
19 174
19 173
19 171
19 171
19 174
19 173
20 174
20 174
20 173
20 174
20 173
21 174
21 171
21 174
21 174
21 174
21 174
21 174
21 174
21 174
21 175
21 174
21 171
21 174
21 174
21 174
21 174
21 174
21 174
21 174
21 171
22 174
22 171
23 174
23 174
23 174
23 174
24 174
24 174
24 174
24 174
24 174
24 171
25 174
25 174
26 174
27 174
27 174
27 173
27 174
27 174
28 171
28 171
28 171
28 173
28 171
28 173
29 171
29 173
29 171
29 171
31 174
31 174
31 174
31 174
31 174
31 174
32 174
32 173
32 171
32 171
32 174
32 173
33 174
33 171
33 171
33 171
34 174
34 171
34 175
34 174
34 171
34 171
34 171
34 173
34 171
35 174
35 171
35 171
35 171
35 171
36 174
36 173
36 171
36 174
36 173
36 171
36 174
36 173
36 171
37 171
37 174
37 174
37 173
37 171
37 174
37 171
37 173
39 174
39 173
39 174
39 174
39 174
39 174
39 174
40 174
40 174
40 174
41 171
42 173
42 173
42 171
43 173
43 173
43 171
44 173
44 173
45 173
45 174
45 173
46 173
46 173
46 171
47 171
47 171
47 171
48 174
48 174
48 174
48 174
49 171
49 173
50 174
51 174
51 174
51 174
52 174
52 174
52 174
52 174
52 174
52 174
52 174
52 174
52 174
52 174
52 174
52 174
52 174
52 174
52 174
52 174
52 174
52 174
52 174
52 174
52 174
52 174
52 174
52 174
53 171
53 171
53 173
53 171
53 171
53 174
54 174
54 174
54 174
54 174
54 174
55 174
55 174
55 174
55 174
55 171
55 174
56 174
56 171
56 174
57 174
57 174
58 174
58 174
58 174
58 174
60 174
60 174
60 174
60 174
60 174
61 174
61 173
61 174
61 173
62 174
62 174
62 174
132 171
132 171
133 171
133 171
133 171
133 171
133 171
133 171
133 171
133 171
133 171
134 171
134 171
136 171
137 171
137 171
137 171
137 174
137 171
137 174
137 171
137 174
137 174
137 171
137 171
137 171
137 171
137 171
137 171
137 171
137 171
137 171
137 171
138 171
138 171
138 171
138 171
138 174
138 171
139 171
139 171
139 174
139 171
140 171
140 171
140 171
140 171
141 171
141 171
141 171
141 171
142 171
142 171
143 171
143 171
143 171
143 174
143 171
143 171
143 174
143 171
143 171
144 171
144 171
144 171
144 174
144 171
145 171
145 171
145 171
145 171
145 171
145 171
145 171
145 171
145 171
145 171
145 171
145 171
146 171
146 174
146 171
146 171
146 171
147 171
148 171
148 171
148 171
148 174
148 171
149 171
149 171
149 171
149 171
149 171
149 171
149 171
149 171
149 171
149 171
149 171
149 171
149 171
149 171
149 171
149 171
149 171
149 171
149 171
149 171
149 171
149 171
149 171
149 171
150 174
150 171
150 174
150 171
150 171
150 171
150 171
150 171
150 171
150 171
150 174
150 171
150 171
150 171
150 171
150 171
150 171
150 174
150 171
150 171
150 171
150 171
150 171
150 171
150 171
150 171
150 171
150 171
151 174
151 171
151 171
151 174
151 171
151 171
151 171
151 171
151 171
151 171
151 171
151 171
152 171
152 171
152 171
152 171
153 171
153 171
153 171
153 174
153 171
153 174
153 171
153 174
153 171
153 174
153 171
153 171
154 171
154 171
154 171
154 171
154 171
155 171
155 171
155 171
155 171
155 171
156 171
156 171
156 171
157 171
157 171
158 171
158 171
158 171
158 171
158 171
158 171
158 171
158 171
159 171
159 171
159 171
163 171
181 171
181 175
193 171
193 175
194 171
194 175
195 171
195 175
196 171
196 175
201 173
202 173
203 173
204 173
205 173
206 173
207 173
208 173
209 173
210 173
211 173
212 173
213 173
214 173
215 173
216 173
217 173
218 173
219 173
220 173
221 173
222 173
223 173
224 173
