0 -1
0 -1
1 -1
2 -1
3 -1
3 -1
3 -1
4 -1
5 -1
6 -1
6 -1
6 -1
6 -1
7 -1
8 -1
8 -1
8 -1
9 -1
9 -1
10 -1
10 -1
11 -1
11 -1
12 -1
12 -1
12 -1
13 -1
13 -1
13 -1
14 -1
14 -1
14 -1
15 -1
15 -1
15 -1
15 -1
16 -1
16 -1
16 78
16 -1
17 -1
17 -1
17 -1
17 -1
18 113
18 -1
18 -1
18 -1
18 -1
18 -1
18 -1
18 70
18 -1
18 -1
18 -1
18 -1
18 -1
19 -1
19 115
19 70
19 -1
20 -1
20 -1
21 -1
21 115
21 -1
21 -1
21 -1
21 -1
21 113
21 -1
21 -1
21 -1
21 -1
21 -1
21 -1
21 -1
21 -1
21 70
22 -1
23 -1
23 -1
23 -1
24 -1
24 -1
24 -1
24 -1
24 -1
24 -1
24 -1
24 -1
24 -1
24 70
25 -1
25 -1
25 -1
25 -1
25 -1
26 -1
27 -1
27 -1
27 -1
27 -1
27 -1
27 -1
27 -1
27 -1
27 -1
27 -1
27 -1
27 -1
27 -1
27 -1
27 -1
27 -1
28 -1
28 -1
28 -1
28 -1
29 -1
29 70
29 -1
30 -1
30 -1
31 -1
31 -1
31 -1
31 -1
31 -1
31 -1
32 -1
32 -1
32 -1
32 -1
33 -1
33 -1
33 -1
33 -1
34 -1
34 -1
34 -1
34 115
34 -1
34 -1
34 -1
35 -1
35 -1
35 -1
35 -1
36 70
36 70
36 -1
37 -1
37 -1
37 -1
37 -1
37 -1
37 -1
37 70
37 -1
38 -1
38 -1
39 -1
39 -1
39 -1
39 -1
39 -1
39 -1
40 -1
40 124
40 -1
41 -1
42 -1
42 -1
42 -1
43 -1
43 -1
43 -1
44 -1
44 -1
45 -1
45 -1
46 -1
46 -1
46 -1
47 64
47 -1
47 -1
48 115
48 -1
48 117
48 -1
49 -1
49 -1
49 -1
50 -1
50 -1
50 -1
51 -1
51 -1
51 -1
51 -1
51 -1
51 -1
51 -1
51 -1
51 -1
51 -1
51 -1
51 -1
51 -1
52 -1
52 115
52 115
52 117
52 -1
52 -1
52 -1
52 -1
52 -1
52 -1
52 -1
52 113
52 -1
52 -1
52 -1
52 -1
52 -1
52 -1
52 -1
52 -1
52 -1
52 -1
52 -1
52 -1
53 -1
53 -1
53 -1
53 -1
54 -1
54 -1
54 123
54 -1
54 -1
55 -1
55 113
55 -1
55 -1
56 -1
56 -1
56 -1
56 117
57 117
57 -1
58 115
58 -1
58 117
58 -1
59 -1
60 -1
60 -1
60 -1
60 -1
60 117
61 -1
61 -1
62 -1
62 -1
62 -1
62 -1
62 -1
62 -1
63 -1
63 -1
64 -1
64 -1
64 -1
64 -1
64 -1
64 -1
64 -1
64 -1
64 -1
64 -1
64 -1
64 -1
64 -1
64 -1
64 -1
64 -1
65 -1
65 -1
65 -1
65 -1
65 -1
65 -1
65 -1
65 -1
65 -1
65 -1
66 -1
66 -1
66 -1
66 -1
66 -1
66 -1
66 -1
66 -1
66 -1
66 -1
67 -1
67 -1
67 -1
67 -1
68 -1
68 -1
68 -1
68 -1
68 -1
68 -1
68 -1
68 -1
68 -1
68 -1
69 -1
69 -1
69 -1
69 -1
69 -1
69 -1
70 -1
70 -1
70 -1
70 -1
70 -1
70 -1
70 -1
70 -1
70 -1
70 -1
70 -1
70 -1
70 -1
70 -1
70 -1
70 -1
71 -1
71 -1
71 -1
71 -1
71 -1
71 -1
71 -1
71 -1
71 -1
72 -1
72 -1
72 -1
72 -1
72 -1
72 -1
72 -1
72 -1
72 -1
72 -1
72 -1
72 -1
72 -1
72 -1
72 -1
72 -1
72 -1
72 -1
72 -1
72 -1
72 -1
72 -1
72 -1
72 -1
72 -1
72 -1
72 -1
72 -1
72 -1
72 -1
72 -1
72 -1
72 -1
72 -1
72 -1
72 -1
72 -1
72 -1
72 -1
72 -1
72 -1
72 -1
73 -1
73 -1
73 -1
73 -1
73 -1
73 -1
73 -1
73 -1
73 -1
73 -1
73 -1
73 -1
73 -1
73 -1
73 -1
73 -1
74 -1
74 -1
74 -1
74 -1
74 -1
74 -1
74 -1
74 -1
74 -1
74 -1
74 -1
74 -1
74 -1
75 -1
75 -1
75 -1
75 -1
75 -1
75 -1
75 -1
75 -1
75 -1
75 -1
75 -1
75 -1
75 -1
75 -1
76 -1
76 -1
76 -1
76 -1
76 -1
76 -1
76 -1
76 -1
77 -1
77 -1
77 -1
77 -1
77 -1
77 -1
77 -1
77 -1
77 -1
77 -1
77 -1
77 -1
78 -1
78 -1
78 -1
78 -1
78 -1
78 -1
78 -1
78 -1
78 -1
78 -1
78 -1
78 -1
78 -1
78 -1
78 -1
78 -1
78 -1
78 -1
78 -1
78 -1
78 -1
78 -1
78 -1
78 -1
78 -1
78 -1
78 -1
78 -1
78 -1
79 -1
79 -1
79 -1
79 -1
79 -1
79 -1
79 -1
80 -1
80 -1
80 -1
80 -1
80 -1
80 -1
80 -1
80 -1
80 -1
80 -1
80 -1
80 -1
80 -1
80 -1
80 -1
80 -1
80 -1
80 -1
80 -1
80 -1
80 -1
80 -1
80 -1
81 -1
81 64
81 -1
82 -1
82 65
82 -1
83 -1
83 -1
83 66
84 -1
84 -1
84 67
85 -1
85 -1
85 -1
86 -1
86 68
86 -1
87 -1
87 69
87 -1
88 -1
88 -1
88 70
89 -1
89 -1
89 71
90 -1
90 -1
90 78
91 -1
91 79
91 -1
92 -1
92 80
92 -1
93 -1
93 110
93 -1
94 -1
94 111
94 -1
95 -1
95 -1
95 112
96 -1
96 113
96 -1
97 -1
97 -1
97 114
98 -1
98 115
98 -1
99 -1
99 117
99 -1
100 -1
100 118
100 -1
101 -1
101 119
101 -1
102 -1
102 120
102 -1
103 -1
103 121
103 -1
104 -1
104 -1
104 122
105 -1
105 123
105 -1
106 -1
106 -1
106 125
107 -1
107 -1
107 126
108 -1
108 -1
108 127
109 -1
109 74
109 -1
110 -1
110 -1
110 -1
110 -1
110 -1
110 -1
110 -1
110 -1
110 -1
110 -1
110 -1
110 -1
110 -1
110 -1
111 -1
111 -1
111 -1
111 -1
111 -1
111 -1
111 -1
111 -1
112 -1
112 -1
112 -1
112 -1
112 -1
112 -1
112 -1
112 -1
112 -1
112 -1
112 -1
112 -1
112 -1
112 -1
112 -1
112 -1
113 -1
113 -1
113 -1
113 -1
113 -1
113 -1
113 -1
113 -1
113 -1
113 -1
113 -1
113 -1
113 -1
113 -1
113 -1
113 -1
113 -1
113 -1
113 -1
114 -1
114 -1
114 -1
114 -1
114 -1
114 -1
114 -1
114 -1
114 -1
114 -1
114 -1
114 -1
114 -1
115 -1
115 -1
115 -1
115 -1
115 -1
115 -1
115 -1
115 -1
115 -1
115 -1
115 -1
115 -1
115 -1
115 -1
115 -1
115 -1
115 -1
115 -1
115 -1
115 -1
115 -1
115 -1
115 -1
115 -1
115 -1
115 -1
115 -1
115 -1
115 -1
115 -1
115 -1
115 -1
115 -1
115 -1
115 -1
115 -1
115 -1
115 -1
115 -1
115 -1
115 -1
115 -1
115 -1
115 -1
115 -1
115 -1
115 -1
115 -1
115 -1
115 -1
115 -1
115 -1
115 -1
115 -1
115 -1
115 -1
115 -1
115 -1
115 -1
115 -1
115 -1
115 -1
115 -1
115 -1
115 -1
115 -1
115 -1
115 -1
115 -1
115 -1
115 -1
115 -1
115 -1
115 -1
115 -1
115 -1
115 -1
115 -1
115 -1
115 -1
115 -1
115 -1
115 -1
115 -1
115 -1
115 -1
115 -1
115 -1
115 -1
115 -1
115 -1
115 -1
115 -1
115 -1
115 -1
115 -1
115 -1
115 -1
115 -1
115 -1
115 -1
115 -1
115 -1
115 -1
116 -1
116 -1
116 -1
116 -1
116 -1
116 -1
116 -1
116 -1
116 -1
116 -1
116 -1
116 -1
116 -1
116 -1
116 115
116 -1
117 -1
117 -1
117 -1
117 -1
117 -1
117 -1
117 -1
117 -1
117 -1
117 -1
117 -1
117 -1
117 -1
117 -1
117 -1
117 -1
117 -1
117 -1
117 -1
117 -1
117 -1
117 -1
117 -1
117 -1
117 -1
117 -1
117 -1
117 -1
117 -1
117 -1
117 -1
117 -1
117 -1
117 -1
117 -1
117 -1
117 -1
117 -1
117 -1
117 -1
117 -1
117 -1
117 -1
117 -1
117 -1
117 -1
118 -1
118 -1
118 -1
118 -1
118 -1
118 -1
118 -1
118 -1
118 -1
118 111
118 -1
118 -1
118 -1
118 -1
118 -1
118 -1
118 -1
118 -1
118 -1
119 118
119 -1
119 113
119 -1
120 -1
120 -1
120 -1
120 -1
120 -1
120 -1
120 -1
120 -1
120 -1
120 -1
120 -1
120 -1
121 -1
121 -1
121 -1
121 -1
121 -1
121 -1
121 -1
121 -1
121 -1
121 -1
121 -1
121 -1
121 -1
121 -1
121 -1
121 -1
121 -1
122 -1
122 -1
122 -1
122 -1
122 -1
122 -1
122 -1
122 -1
122 -1
122 -1
122 -1
122 -1
122 -1
122 -1
123 -1
123 -1
123 -1
123 -1
123 -1
123 -1
123 -1
123 -1
123 -1
123 -1
123 -1
123 -1
123 -1
123 -1
123 -1
123 -1
124 -1
124 -1
124 -1
124 -1
124 -1
124 -1
125 -1
125 -1
125 -1
125 -1
125 -1
125 -1
125 -1
125 -1
125 -1
125 -1
125 -1
125 -1
125 -1
125 -1
126 -1
126 -1
126 -1
126 -1
126 -1
126 -1
126 -1
126 -1
126 -1
126 -1
126 -1
126 -1
126 -1
126 -1
126 -1
126 -1
126 -1
126 -1
126 -1
126 -1
126 -1
126 -1
126 -1
126 -1
126 -1
126 -1
126 -1
126 -1
126 -1
126 -1
127 -1
127 -1
127 -1
127 -1
127 -1
127 -1
127 -1
127 -1
127 -1
127 -1
127 -1
127 -1
127 -1
127 -1
128 -1
128 -1
128 -1
128 -1
129 -1
129 -1
129 -1
129 -1
129 -1
129 -1
129 -1
129 -1
130 130
130 -1
130 132
130 134
130 135
130 136
130 137
130 138
130 139
130 141
130 142
130 143
130 144
130 148
130 149
130 150
130 151
130 152
130 155
130 158
130 159
130 140
130 154
130 156
130 145
130 146
130 157
130 147
130 133
130 153
131 -1
132 -1
132 -1
132 -1
133 -1
133 -1
133 -1
133 64
133 -1
133 -1
133 -1
133 -1
133 -1
134 -1
134 -1
135 -1
135 -1
135 -1
136 -1
136 -1
136 -1
137 -1
137 -1
137 -1
137 -1
137 -1
137 -1
137 -1
137 -1
137 -1
137 -1
137 -1
137 -1
137 -1
137 -1
137 -1
137 -1
137 -1
138 -1
138 -1
138 120
138 -1
138 -1
139 -1
139 -1
139 -1
140 -1
140 -1
140 -1
140 -1
141 -1
141 -1
141 -1
141 -1
142 -1
142 -1
143 -1
143 79
143 -1
143 -1
143 -1
143 -1
143 -1
144 -1
144 68
144 -1
144 -1
145 -1
145 -1
145 80
145 -1
145 -1
145 -1
145 -1
145 -1
145 -1
145 -1
145 -1
145 -1
146 -1
146 -1
146 -1
146 -1
147 -1
147 -1
147 -1
147 -1
147 -1
147 -1
147 -1
147 -1
147 -1
147 -1
148 -1
148 111
148 -1
148 -1
149 -1
149 -1
149 -1
149 113
149 113
149 -1
149 -1
149 -1
149 -1
149 -1
149 -1
149 -1
149 -1
149 -1
149 -1
149 -1
149 -1
149 -1
149 -1
149 -1
149 -1
149 -1
149 -1
149 -1
149 -1
149 -1
149 -1
150 -1
150 -1
150 -1
150 115
150 -1
150 -1
150 -1
150 -1
150 -1
150 -1
150 -1
150 -1
150 -1
150 -1
150 -1
150 -1
150 -1
150 -1
150 -1
150 -1
150 -1
150 -1
150 -1
150 -1
151 -1
151 -1
151 117
151 -1
151 -1
151 -1
151 -1
151 -1
151 117
151 -1
152 -1
152 -1
152 -1
152 -1
153 -1
153 -1
153 -1
153 -1
153 -1
153 -1
153 -1
153 -1
153 -1
154 123
154 -1
154 -1
154 -1
154 -1
155 -1
155 -1
155 -1
155 -1
155 -1
155 -1
155 -1
156 -1
156 125
156 -1
157 -1
157 -1
158 -1
158 -1
158 -1
158 -1
158 -1
158 -1
158 114
158 -1
159 -1
159 -1
159 -1
160 -1
161 -1
161 -1
161 -1
161 -1
161 -1
161 -1
161 -1
161 -1
162 -1
162 -1
162 -1
163 -1
171 -1
171 -1
172 -1
172 -1
172 -1
172 -1
172 -1
173 -1
173 -1
173 -1
174 -1
174 -1
176 -1
176 -1
177 -1
177 177
178 -1
179 -1
180 -1
181 -1
182 -1
182 -1
183 -1
183 -1
184 -1
184 -1
185 -1
185 -1
186 -1
186 -1
187 -1
187 -1
188 -1
188 -1
189 -1
189 -1
189 -1
190 -1
190 -1
191 -1
191 -1
192 -1
192 -1
193 -1
193 -1
193 -1
194 -1
194 -1
194 -1
194 -1
194 -1
195 -1
195 -1
195 -1
196 -1
196 -1
196 -1
197 -1
197 -1
198 -1
198 -1
198 -1
198 -1
198 -1
198 -1
198 -1
198 -1
198 -1
199 -1
199 -1
199 -1
199 -1
199 -1
199 -1
199 -1
199 -1
200 -1
200 -1
200 -1
200 -1
200 -1
200 -1
200 -1
200 -1
200 -1
200 -1
201 -1
202 -1
203 -1
204 -1
205 -1
206 -1
207 -1
207 -1
207 -1
207 -1
207 -1
207 -1
207 -1
207 -1
208 -1
209 -1
210 -1
211 -1
212 -1
213 -1
214 -1
214 -1
215 -1
216 -1
217 -1
218 -1
219 -1
220 -1
221 -1
222 -1
223 -1
224 -1
