16 78
18 113
18 70
19 115
19 70
21 115
21 113
21 70
24 70
29 70
34 115
36 70
36 70
37 70
40 124
47 64
48 115
48 117
52 115
52 115
52 117
52 113
54 123
55 113
56 117
57 117
58 115
58 117
60 117
81 64
82 65
83 66
84 67
86 68
87 69
88 70
89 71
90 78
91 79
92 80
93 110
94 111
95 112
96 113
97 114
98 115
99 117
100 118
101 119
102 120
103 121
104 122
105 123
106 125
107 126
108 127
109 74
116 115
118 111
119 118
119 113
130 130
130 132
130 134
130 135
130 136
130 137
130 138
130 139
130 141
130 142
130 143
130 144
130 148
130 149
130 150
130 151
130 152
130 155
130 158
130 159
130 140
130 154
130 156
130 145
130 146
130 157
130 147
130 133
130 153
133 64
138 120
143 79
144 68
145 80
148 111
149 113
149 113
150 115
151 117
151 117
154 123
156 125
158 114
177 177
