1 2
1 2
1 2
1 2
1 2
6 99
15 99
1 2
1 2
1 2
1 2
1 2
1 2
28 5
29 6
29 6
31 7
32 8
34 10
35 11
37 13
37 13
37 13
38 14
39 52
39 52
39 15
39 15
41 16
42 17
42 17
42 17
42 17
43 18
44 19
48 46
57 16
58 13
58 14
58 14
59 17
60 17
63 5
64 6
64 6
65 7
65 7
66 8
68 10
69 11
71 13
71 13
71 13
72 14
73 15
73 15
74 16
75 17
75 17
75 17
75 17
76 18
77 19
86 16
87 14
87 14
87 13
88 17
93 2
93 2
93 2
93 2
93 2
93 2
99 99
101 2
101 2
101 2
101 2
101 2
101 2
101 2
103 16
106 2
106 2
106 2
106 2
106 2
106 2
106 2
106 2
108 2
108 2
108 2
111 2
111 2
111 2
111 2
111 2
1 2
1 2
1 52
1 52
1 2
1 2
1 2
1 2
