0 135
0 158
0 150
0 151
0 205
1 151
1 137
1 158
2 151
2 137
2 158
3 130
3 149
3 158
4 158
4 150
4 137
5 151
5 137
5 158
6 222
6 153
6 158
6 137
7 151
7 137
7 158
8 149
9 130
10 130
11 132
12 137
12 181
12 158
13 158
13 150
13 137
14 139
14 158
14 209
15 136
15 158
15 206
16 158
16 142
16 137
16 212
17 153
17 158
17 137
18 210
18 151
18 143
18 149
18 145
18 158
18 139
18 134
18 150
18 148
19 158
19 219
19 150
19 163
20 151
20 158
20 137
20 220
21 130
21 150
21 134
21 141
21 142
21 149
21 158
21 144
21 181
21 151
21 117
21 115
21 163
22 149
23 150
23 158
23 137
24 158
24 150
24 134
24 149
24 115
24 163
25 50
25 15
25 52
25 66
26 130
27 158
27 159
27 150
28 158
28 145
28 149
28 214
29 158
29 145
29 214
29 130
30 137
30 158
31 158
31 151
31 143
32 163
32 150
32 133
32 158
32 39
33 149
33 150
33 151
33 156
33 158
33 145
34 149
34 158
34 150
35 158
35 152
36 163
36 150
36 151
36 133
36 158
36 203
37 137
37 150
37 130
38 150
38 151
39 163
39 150
39 151
39 147
39 158
39 211
39 218
40 137
41 158
41 156
42 158
42 138
42 221
43 143
43 158
44 144
44 158
44 208
45 146
45 158
45 215
46 158
46 148
46 217
47 133
48 150
48 151
48 158
48 163
49 158
50 135
50 150
50 151
51 150
51 151
51 147
52 150
52 151
52 134
52 141
52 142
52 149
52 156
52 145
52 140
52 144
52 154
53 153
53 158
53 137
54 154
54 151
54 158
55 149
55 151
55 150
56 150
56 158
56 151
56 149
56 116
57 151
57 158
57 140
58 150
58 151
58 158
58 163
59 150
59 158
60 150
60 151
61 157
61 158
61 224
62 151
62 149
62 150
62 77
62 13
62 117
74 128
75 111
75 80
100 94
101 100
101 96
113 68
113 118
113 120
116 115
118 111
119 118
119 113
129 64
130 130
130 131
132 130
133 130
133 81
134 130
134 82
135 130
135 83
136 130
136 84
137 130
138 130
138 102
139 130
139 87
140 130
140 88
141 130
141 89
142 90
142 130
143 130
143 91
144 130
144 86
145 130
145 92
146 130
146 93
147 130
147 95
148 130
148 94
149 130
149 96
149 86
149 100
149 101
149 102
150 130
150 98
150 99
150 86
150 100
150 102
151 130
151 99
151 91
152 130
152 103
153 130
153 104
154 130
154 105
155 130
156 130
156 106
157 130
157 107
158 130
158 108
158 97
159 130
163 130
173 172
177 177
181 194
182 115
183 130
184 78
185 115
186 130
187 115
188 78
190 130
191 130
192 78
194 115
194 78
194 130
197 130
33 75
81 85
81 64
82 85
82 65
83 85
83 66
84 85
84 67
86 85
86 68
87 85
87 69
88 85
88 70
89 85
89 71
90 85
90 78
91 85
91 79
92 85
92 80
93 85
93 110
94 85
94 111
95 85
95 112
96 85
96 113
97 85
97 114
98 85
98 115
99 85
99 117
100 85
100 118
101 85
101 119
102 85
102 120
103 85
103 121
104 85
104 122
105 85
105 123
106 85
106 125
107 85
107 126
108 85
108 127
109 85
109 74
160 131
3 9
8 9
12 9
16 9
18 8
19 9
20 10
21 9
23 9
24 9
28 29
34 9
55 8
171 174
175 174
182 189
183 189
184 189
185 189
186 189
187 189
188 189
190 189
191 189
192 189
193 194
195 194
196 194
201 207
202 207
203 207
204 207
205 207
206 207
208 207
209 207
210 207
211 207
212 207
213 207
215 207
217 207
218 207
219 207
220 207
221 207
222 207
223 207
224 207
0 173
0 174
1 173
1 174
2 173
2 174
3 174
3 171
3 174
3 171
3 174
4 171
4 173
5 173
5 174
6 171
6 173
6 174
6 171
6 173
6 174
6 171
6 173
6 174
6 171
6 174
7 173
7 174
8 174
8 174
9 174
9 174
10 174
10 174
11 173
11 171
11 171
12 174
12 171
12 175
12 171
12 174
12 174
12 171
13 174
13 174
13 174
14 174
14 173
14 174
14 173
14 174
15 173
15 173
16 174
16 171
16 174
16 173
16 174
16 173
16 174
17 171
17 171
17 171
17 171
17 174
18 174
18 174
18 171
18 174
18 173
18 174
18 174
18 171
18 174
18 171
18 173
18 171
18 173
18 171
18 174
18 171
18 174
18 171
19 174
19 174
19 173
19 171
19 171
19 174
19 173
20 174
20 174
20 173
20 174
20 173
21 174
21 171
21 174
21 174
21 174
21 174
21 174
21 174
21 174
21 175
21 174
21 171
21 174
21 174
21 174
21 174
21 174
21 174
21 174
21 171
22 174
22 171
23 174
23 174
23 174
23 174
24 174
24 174
24 174
24 174
24 174
24 171
25 174
25 174
26 174
27 174
27 174
27 173
27 174
27 174
28 171
28 171
28 171
28 173
28 171
28 173
29 171
29 173
29 171
29 171
31 174
31 174
31 174
31 174
31 174
31 174
32 174
32 173
32 171
32 171
32 174
32 173
33 174
33 171
33 171
33 171
34 174
34 171
34 175
34 174
34 171
34 171
34 171
34 173
34 171
35 174
35 171
35 171
35 171
35 171
36 174
36 173
36 171
36 174
36 173
36 171
36 174
36 173
36 171
37 171
37 174
37 174
37 173
37 171
37 174
37 171
37 173
39 174
39 173
39 174
39 174
39 174
39 174
39 174
40 174
40 174
40 174
41 171
42 173
42 173
42 171
43 173
43 173
43 171
44 173
44 173
45 173
45 174
45 173
46 173
46 173
46 171
47 171
47 171
47 171
48 174
48 174
48 174
48 174
49 171
49 173
50 174
51 174
51 174
51 174
52 174
52 174
52 174
52 174
52 174
52 174
52 174
52 174
52 174
52 174
52 174
52 174
52 174
52 174
52 174
52 174
52 174
52 174
52 174
52 174
52 174
52 174
52 174
52 174
53 171
53 171
53 173
53 171
53 171
53 174
54 174
54 174
54 174
54 174
54 174
55 174
55 174
55 174
55 174
55 171
55 174
56 174
56 171
56 174
57 174
57 174
58 174
58 174
58 174
58 174
60 174
60 174
60 174
60 174
60 174
61 174
61 173
61 174
61 173
62 174
62 174
62 174
132 171
132 171
133 171
133 171
133 171
133 171
133 171
133 171
133 171
133 171
133 171
134 171
134 171
136 171
137 171
137 171
137 171
137 174
137 171
137 174
137 171
137 174
137 174
137 171
137 171
137 171
137 171
137 171
137 171
137 171
137 171
137 171
137 171
138 171
138 171
138 171
138 171
138 174
138 171
139 171
139 171
139 174
139 171
140 171
140 171
140 171
140 171
141 171
141 171
141 171
141 171
142 171
142 171
143 171
143 171
143 171
143 174
143 171
143 171
143 174
143 171
143 171
144 171
144 171
144 171
144 174
144 171
145 171
145 171
145 171
145 171
145 171
145 171
145 171
145 171
145 171
145 171
145 171
145 171
146 171
146 174
146 171
146 171
146 171
147 171
148 171
148 171
148 171
148 174
148 171
149 171
149 171
149 171
149 171
149 171
149 171
149 171
149 171
149 171
149 171
149 171
149 171
149 171
149 171
149 171
149 171
149 171
149 171
149 171
149 171
149 171
149 171
149 171
149 171
150 174
150 171
150 174
150 171
150 171
150 171
150 171
150 171
150 171
150 171
150 174
150 171
150 171
150 171
150 171
150 171
150 171
150 174
150 171
150 171
150 171
150 171
150 171
150 171
150 171
150 171
150 171
150 171
151 174
151 171
151 171
151 174
151 171
151 171
151 171
151 171
151 171
151 171
151 171
151 171
152 171
152 171
152 171
152 171
153 171
153 171
153 171
153 174
153 171
153 174
153 171
153 174
153 171
153 174
153 171
153 171
154 171
154 171
154 171
154 171
154 171
155 171
155 171
155 171
155 171
155 171
156 171
156 171
156 171
157 171
157 171
158 171
158 171
158 171
158 171
158 171
158 171
158 171
158 171
159 171
159 171
159 171
163 171
181 171
181 175
193 171
193 175
194 171
194 175
195 171
195 175
196 171
196 175
201 173
202 173
203 173
204 173
205 173
206 173
207 173
208 173
209 173
210 173
211 173
212 173
213 173
214 173
215 173
216 173
217 173
218 173
219 173
220 173
221 173
222 173
223 173
224 173
0 130
0 66
1 130
1 117
2 130
2 117
3 130
4 130
4 115
5 130
5 117
6 130
7 130
7 117
8 130
9 130
10 130
11 130
12 130
13 130
14 130
15 130
15 67
15 67
16 130
16 73
16 73
17 130
18 130
18 79
18 79
18 72
18 72
18 72
19 130
19 115
20 130
20 117
21 130
21 71
21 71
21 71
21 71
21 71
21 71
21 71
22 130
22 118
23 130
24 130
25 130
26 130
27 130
27 74
28 130
29 130
29 80
29 80
30 130
31 130
32 130
33 130
33 75
33 75
34 130
34 113
34 113
34 113
35 130
35 121
35 121
36 130
36 130
36 64
36 64
36 64
37 130
38 130
39 130
39 112
40 130
40 124
41 130
41 125
42 130
42 120
42 120
42 120
43 130
43 79
43 79
43 79
44 130
44 68
44 68
45 130
45 110
45 110
46 130
46 111
46 111
46 111
47 130
48 130
48 118
49 130
49 127
49 127
50 130
51 130
51 112
51 112
52 130
52 71
52 71
52 71
52 71
52 71
52 71
52 71
53 130
54 130
55 130
55 130
56 130
56 115
57 130
58 130
58 118
59 130
60 130
61 130
61 126
61 126
62 130
70 70
74 128
75 111
75 80
79 79
81 64
82 65
83 66
84 67
86 68
87 69
88 70
89 71
90 78
91 79
92 80
93 110
94 111
95 112
96 113
97 114
98 115
99 117
100 118
101 119
102 120
103 121
104 122
105 123
106 125
107 126
108 127
109 74
111 111
113 68
113 118
113 120
116 115
117 117
118 118
118 111
119 118
119 113
121 121
129 64
132 130
133 130
133 64
134 130
135 130
135 66
136 130
136 67
136 67
137 130
138 130
138 120
138 120
139 130
140 130
140 70
141 130
142 130
142 78
143 130
143 79
143 79
144 130
144 68
144 68
145 130
145 80
145 80
145 80
146 130
146 110
146 110
147 130
147 112
147 112
148 130
148 111
148 111
149 130
149 113
149 113
149 113
149 118
149 118
150 130
150 115
151 130
151 117
151 118
152 130
152 121
152 121
153 130
154 130
155 130
156 130
156 125
157 130
158 130
158 127
159 130
163 130
163 70
173 172
181 130
182 115
183 130
184 78
185 115
186 130
187 115
188 78
190 130
191 130
192 78
193 130
194 130
195 130
196 130
197 130
201 115
202 117
203 64
204 65
205 66
206 67
208 68
209 69
210 72
211 112
212 73
213 79
214 80
215 110
217 111
218 112
219 115
220 117
221 120
222 122
223 124
224 126
3 113
12 194
13 117
14 69
15 67
16 78
16 78
18 113
18 80
18 79
18 79
18 70
19 115
19 70
21 115
21 65
21 71
21 78
21 113
21 113
21 194
21 70
23 115
24 65
24 118
24 68
24 120
24 70
25 66
27 74
27 74
27 74
28 80
28 80
29 70
29 80
31 79
31 79
32 64
33 68
33 75
33 118
34 113
34 119
34 115
35 121
35 121
36 70
36 70
37 70
38 117
38 115
39 115
39 117
39 117
40 124
47 64
47 64
48 115
48 115
48 117
48 118
49 127
50 66
50 66
51 112
51 112
51 112
51 112
51 112
51 112
51 112
51 112
51 112
52 115
52 115
52 117
52 70
52 65
52 71
52 71
52 78
52 78
52 113
52 113
52 115
52 115
52 80
52 123
53 122
53 122
53 122
54 123
54 123
55 113
55 118
56 116
56 117
57 117
57 70
58 115
58 115
58 117
58 118
59 115
60 68
60 120
60 118
60 117
60 117
61 126
61 126
62 77
62 117
75 111
75 80
81 64
81 64
82 65
82 65
83 66
83 66
84 67
84 67
86 68
86 68
87 69
87 69
88 70
88 70
89 71
89 71
90 78
90 78
91 79
91 79
92 80
92 80
93 110
93 110
94 111
94 111
95 112
95 112
96 113
96 113
97 114
97 114
98 115
98 115
99 117
99 117
100 118
100 118
101 119
101 119
102 120
102 120
103 121
103 121
104 122
104 122
105 123
105 123
106 125
106 125
107 126
107 126
108 127
108 127
109 74
109 74
113 68
113 118
113 120
116 115
118 111
119 118
119 113
130 130
130 132
130 134
130 135
130 136
130 137
130 138
130 139
130 141
130 142
130 143
130 144
130 148
130 149
130 150
130 151
130 152
130 155
130 158
130 159
130 140
130 154
130 156
130 145
130 146
130 157
130 147
130 133
130 153
133 64
133 64
133 64
133 64
133 64
134 65
135 66
135 66
136 67
138 120
138 120
138 120
139 69
140 70
140 70
140 70
141 71
141 71
141 71
141 71
142 78
143 79
143 79
144 68
144 68
145 80
145 80
145 80
145 80
145 80
145 80
145 80
145 80
145 80
146 110
146 110
147 112
147 112
147 112
147 112
147 112
147 112
147 112
147 112
148 111
148 111
149 113
149 113
149 120
149 118
149 68
149 113
149 113
149 113
149 119
149 119
149 113
149 113
150 115
150 117
150 115
150 115
150 68
150 120
150 120
150 118
150 118
150 118
150 115
150 115
150 115
151 117
151 79
151 117
151 117
151 117
151 117
152 121
152 121
153 122
153 122
154 123
154 123
154 123
155 71
156 125
157 126
157 126
158 127
158 127
158 127
158 127
158 114
158 127
159 74
159 74
159 74
177 177
181 194
193 189
194 189
194 189
195 189
196 189
