3 113
12 194
13 117
14 69
15 67
16 78
16 78
18 113
18 80
18 79
18 79
18 70
19 115
19 70
21 115
21 65
21 71
21 78
21 113
21 113
21 194
21 70
23 115
24 65
24 118
24 68
24 120
24 70
25 66
27 74
27 74
27 74
28 80
28 80
29 70
29 80
31 79
31 79
32 64
33 68
33 75
33 118
34 113
34 119
34 115
35 121
35 121
36 70
36 70
37 70
38 117
38 115
39 115
39 117
39 117
40 124
47 64
47 64
48 115
48 115
48 117
48 118
49 127
50 66
50 66
51 112
51 112
51 112
51 112
51 112
51 112
51 112
51 112
51 112
52 115
52 115
52 117
52 70
52 65
52 71
52 71
52 78
52 78
52 113
52 113
52 115
52 115
52 80
52 123
53 122
53 122
53 122
54 123
54 123
55 113
55 118
56 116
56 117
57 117
57 70
58 115
58 115
58 117
58 118
59 115
60 68
60 120
60 118
60 117
60 117
61 126
61 126
62 77
62 117
75 111
75 80
81 64
81 64
82 65
82 65
83 66
83 66
84 67
84 67
86 68
86 68
87 69
87 69
88 70
88 70
89 71
89 71
90 78
90 78
91 79
91 79
92 80
92 80
93 110
93 110
94 111
94 111
95 112
95 112
96 113
96 113
97 114
97 114
98 115
98 115
99 117
99 117
100 118
100 118
101 119
101 119
102 120
102 120
103 121
103 121
104 122
104 122
105 123
105 123
106 125
106 125
107 126
107 126
108 127
108 127
109 74
109 74
113 68
113 118
113 120
116 115
118 111
119 118
119 113
130 130
130 132
130 134
130 135
130 136
130 137
130 138
130 139
130 141
130 142
130 143
130 144
130 148
130 149
130 150
130 151
130 152
130 155
130 158
130 159
130 140
130 154
130 156
130 145
130 146
130 157
130 147
130 133
130 153
133 64
133 64
133 64
133 64
133 64
134 65
135 66
135 66
136 67
138 120
138 120
138 120
139 69
140 70
140 70
140 70
141 71
141 71
141 71
141 71
142 78
143 79
143 79
144 68
144 68
145 80
145 80
145 80
145 80
145 80
145 80
145 80
145 80
145 80
146 110
146 110
147 112
147 112
147 112
147 112
147 112
147 112
147 112
147 112
148 111
148 111
149 113
149 113
149 120
149 118
149 68
149 113
149 113
149 113
149 119
149 119
149 113
149 113
150 115
150 117
150 115
150 115
150 68
150 120
150 120
150 118
150 118
150 118
150 115
150 115
150 115
151 117
151 79
151 117
151 117
151 117
151 117
152 121
152 121
153 122
153 122
154 123
154 123
154 123
155 71
156 125
157 126
157 126
158 127
158 127
158 127
158 127
158 114
158 127
159 74
159 74
159 74
177 177
181 194
193 189
194 189
194 189
195 189
196 189
